sim_data/gcm01_sim_data_cubic_baseline_hd189_ncF444W.ecsv
# %ECSV 1.0
# ---
# datatype:
# - {name: Time (days), datatype: float64}
# - {name: Flux, datatype: float64}
# - {name: Flux err, datatype: float64}
# - {name: Flux before Baseline, datatype: float64}
# - {name: Baseline, datatype: float64}
# meta:
#   Amplitude: 0.0014619
#   M_planet: 0.0011130568768082329
#   M_planet_units: Msun
#   M_star: 0.812
#   M_star_units: Msun
#   Period: 2.218577
#   Period_units: days
#   R_star: 0.765
#   b_impact: !astropy.units.Quantity
#     unit: !astropy.units.Unit {unit: ''}
#     value: 0.6560793167814927
#   baseline_c: [0.0002, 0.0002, 0.0003, 1.0]
#   dur_14: 0.07681051894288836
#   dur_23: 0.043817925785034365
#   inc: 85.69
#   inc_units: deg
#   prot_star: 1.0
#   rp: 0.115056
#   rp_units: Rsun
#   t0: 0.0
#   y_input: [-8.684814416881487e-05, 0.08670433230910421, 0.1494331284409861, 0.0018629052589362975, 0.00027639925356365893, 0.06802456935447314,
#     0.015511602373684364, 0.09454611053054753, 0.000729828947182707, -0.0008445077266664528, 0.0012521910694945721, -0.0033840033897579247,
#     -0.013452997366555365, -0.019385414730800646, -0.028814623693635848]
# schema: astropy-2.0
"Time (days)" Flux "Flux err" "Flux before Baseline" Baseline
1.0092884999999998 1.0015134589722798 4.58530260724415e-05 1.0018140031732319 0.9997
1.0096044557661925 1.001452328720132 4.58530260724415e-05 1.001751275551134 0.9997015757920173
1.0099204115323852 1.0014802320568021 4.58530260724415e-05 1.0017776161178196 0.9997031436356405
1.010236367298578 1.0015394620424025 4.58530260724415e-05 1.0018353004313512 0.999704703568719
1.0105523230647708 1.0015237139543345 4.58530260724415e-05 1.0018179923502515 0.9997062556291022
1.0108682788309635 1.001394665083814 4.58530260724415e-05 1.0016873582755075 0.9997077998546398
1.0111842345971562 1.001484364098936 4.58530260724415e-05 1.0017755439019447 0.9997093362831811
1.011500190363349 1.001435215365487 4.58530260724415e-05 1.0017248491272455 0.9997108649525758
1.0118161461295416 1.0014387552776325 4.58530260724415e-05 1.0017268660479823 0.9997123859006731
1.0121321018957343 1.0014636339726872 4.58530260724415e-05 1.0017502355512165 0.9997138991653228
1.0124480576619272 1.0014527326236422 4.58530260724415e-05 1.001737822415213 0.9997154047843743
1.01276401342812 1.0015141032976154 4.58530260724415e-05 1.0017977094284518 0.9997169027956769
1.0130799691943126 1.001483627262939 4.58530260724415e-05 1.001765731267725 0.9997183932370804
1.0133959249605053 1.0014556129313374 4.58530260724415e-05 1.0017362231424207 0.9997198761464341
1.013711880726698 1.0014716685314722 4.58530260724415e-05 1.001750804828916 0.9997213515615876
1.0140278364928907 1.0014678961934176 4.58530260724415e-05 1.001745560508326 0.9997228195203903
1.0143437922590834 1.0015223607013468 4.58530260724415e-05 1.0017985765440707 0.9997242800606918
1.0146597480252764 1.0014457304823507 4.58530260724415e-05 1.001720469129537 0.9997257332203415
1.014975703791469 1.0014707421373075 4.58530260724415e-05 1.0017440389104932 0.999727179037189
1.0152916595576618 1.0014184871037601 4.58530260724415e-05 1.001690328280108 0.9997286175490837
1.0156076153238545 1.001341849553079 4.58530260724415e-05 1.0016122359842523 0.9997300487938752
1.0159235710900472 1.0014900760650531 4.58530260724415e-05 1.0017590756152734 0.9997314728094128
1.0162395268562399 1.0015009662016396 4.58530260724415e-05 1.0017685489658559 0.9997328896335462
1.0165554826224328 1.001428536981892 4.58530260724415e-05 1.0016946879575368 0.9997342993041248
1.0168714383886255 1.0015678174069835 4.58530260724415e-05 1.0018325999007325 0.9997357018589981
1.0171873941548182 1.0013983043083416 4.58530260724415e-05 1.0016616438229136 0.9997370973360157
1.0175033499210109 1.001468268250189 4.58530260724415e-05 1.0017302349582196 0.9997384857730269
1.0178193056872036 1.0014587794879557 4.58530260724415e-05 1.0017193595418727 0.9997398672078813
1.0181352614533963 1.001538806966918 4.58530260724415e-05 1.0017980305438552 0.9997412416784285
1.018451217219589 1.0015370750347938 4.58530260724415e-05 1.0017949278101406 0.9997426092225179
1.018767172985782 1.0014779889562804 4.58530260724415e-05 1.0017344631530942 0.9997439698779989
1.0190831287519746 1.001489382515486 4.58530260724415e-05 1.001744503116394 0.9997453236827212
1.0193990845181673 1.001432503724008 4.58530260724415e-05 1.0016862602286403 0.999746670674534
1.01971504028436 1.0013835454967714 4.58530260724415e-05 1.0016359468462719 0.9997480108912872
1.0200309960505527 1.0014595393892978 4.58530260724415e-05 1.0017106237959517 0.99974934437083
1.0203469518167454 1.0014837886795536 4.58530260724415e-05 1.0017335497525062 0.9997506711510119
1.0206629075829383 1.0015341462542895 4.58530260724415e-05 1.0017825970842464 0.9997519912696825
1.020978863349131 1.0015339863094956 4.58530260724415e-05 1.0017811209388534 0.9997533047646913
1.0212948191153237 1.0014622240676994 4.58530260724415e-05 1.0017080315248084 0.9997546116738878
1.0216107748815164 1.0014672276009715 4.58530260724415e-05 1.001711733379367 0.9997559120351214
1.0219267306477091 1.0014341172326122 4.58530260724415e-05 1.001677318589451 0.9997572058862417
1.0222426864139018 1.0014181809765401 4.58530260724415e-05 1.0016600886340277 0.9997584932650981
1.0225586421800945 1.0014061443507392 4.58530260724415e-05 1.0016467657367998 0.9997597742095402
1.0228745979462874 1.0015748700145617 4.58530260724415e-05 1.0018142547755773 0.9997610487574174
1.0231905537124801 1.0014631515463819 4.58530260724415e-05 1.0017012389554723 0.9997623169465792
1.0235065094786728 1.001467498922144 4.58530260724415e-05 1.0017043230453428 0.9997635788148752
1.0238224652448655 1.0014312098785818 4.58530260724415e-05 1.001666767444793 0.9997648344001548
1.0241384210110582 1.001525335938435 4.58530260724415e-05 1.0017596638121447 0.9997660837402677
1.024454376777251 1.0014167558542273 4.58530260724415e-05 1.0016498128482785 0.999767326873063
1.0247703325434439 1.001482028569876 4.58530260724415e-05 1.0017138613829888 0.9997685638363906
1.0250862883096366 1.0014517647163963 4.58530260724415e-05 1.0016823573359255 0.9997697946680997
1.0254022440758293 1.0015115794158571 4.58530260724415e-05 1.0017409586555641 0.99977101940604
1.025718199842022 1.0014714476453919 4.58530260724415e-05 1.001699596660716 0.9997722380880608
1.0260341556082146 1.001441756192686 4.58530260724415e-05 1.0016686834796618 0.9997734507520117
1.0263501113744073 1.0014955965604033 4.58530260724415e-05 1.001721327012904 0.9997746574357423
1.0266660671406 1.0015175272894288 4.58530260724415e-05 1.001742059580737 0.9997758581771019
1.026982022906793 1.0015019374693603 4.58530260724415e-05 1.001725269098966 0.9997770530139402
1.0272979786729857 1.0015137449865652 4.58530260724415e-05 1.0017358879495262 0.9997782419841066
1.0276139344391784 1.0014717842762204 4.58530260724415e-05 1.0016927325250342 0.9997794251254505
1.027929890205371 1.0014852129539762 4.58530260724415e-05 1.0017049845475432 0.9997806024758215
1.0282458459715638 1.0014719871411524 4.58530260724415e-05 1.0016905819969066 0.9997817740730691
1.0285618017377565 1.001487298485816 4.58530260724415e-05 1.001704728559231 0.9997829399550427
1.0288777575039494 1.0014674652021773 4.58530260724415e-05 1.0016837285593125 0.999784100159592
1.029193713270142 1.0014265591006526 4.58530260724415e-05 1.0016416569141524 0.9997852547245664
1.0295096690363348 1.0015147803745195 4.58530260724415e-05 1.0017287459404618 0.9997864036878152
1.0298256248025275 1.001489171059655 4.58530260724415e-05 1.0017019855642575 0.9997875470871881
1.0301415805687202 1.0014337939821858 4.58530260724415e-05 1.0016454567314053 0.9997886849605346
1.0304575363349129 1.0015306752207391 4.58530260724415e-05 1.0017412238500856 0.9997898173457042
1.0307734921011056 1.0014687923777288 4.58530260724415e-05 1.001678198934268 0.9997909442805463
1.0310894478672985 1.001513688136495 4.58530260724415e-05 1.0017219803921948 0.9997920658029104
1.0314054036334912 1.00154564601282 4.58530260724415e-05 1.0017528265783477 0.9997931819506461
1.031721359399684 1.0015190445550137 4.58530260724415e-05 1.0017251066603379 0.9997942927616028
1.0320373151658766 1.0015662698855168 4.58530260724415e-05 1.001771234009423 0.9997953982736301
1.0323532709320693 1.001458325250677 4.58530260724415e-05 1.0016621649791253 0.9997964985245773
1.032669226698262 1.0015342722702825 4.58530260724415e-05 1.0017370303041218 0.9997975935522941
1.0329851824644547 1.001485320931573 4.58530260724415e-05 1.001686977153457 0.99979868339463
1.0333011382306476 1.001477676984871 4.58530260724415e-05 1.0016782449336261 0.9997997680894344
1.0336170939968403 1.0014919380854626 4.58530260724415e-05 1.0016914272625785 0.9998008476745567
1.033933049763033 1.001505063868671 4.58530260724415e-05 1.0017034791022381 0.9998019221878466
1.0342490055292257 1.0015227881270654 4.58530260724415e-05 1.0017201353409078 0.9998029916671535
1.0345649612954184 1.001467659523275 4.58530260724415e-05 1.0016639294096823 0.9998040561503269
1.0348809170616111 1.0015632285261078 4.58530260724415e-05 1.0017584555463133 0.9998051156752162
1.035196872827804 1.0015441299789412 4.58530260724415e-05 1.0017382966328203 0.9998061702796711
1.0355128285939967 1.0014532002871135 4.58530260724415e-05 1.0016462976588327 0.999807220001541
1.0358287843601894 1.0015926969069373 4.58530260724415e-05 1.001784774232166 0.9998082648786754
1.0361447401263821 1.001612220787729 4.58530260724415e-05 1.001803259711508 0.9998093049489237
1.0364606958925748 1.0015801764815047 4.58530260724415e-05 1.0017701719617405 0.9998103402501356
1.0367766516587675 1.0015187136591712 4.58530260724415e-05 1.0017076649544507 0.9998113708201604
1.0370926074249605 1.001478695346997 4.58530260724415e-05 1.0016666113119366 0.9998123966968476
1.0374085631911532 1.0015769404904893 4.58530260724415e-05 1.0017638516755603 0.9998134179180469
1.0377245189573459 1.0015109277620469 4.58530260724415e-05 1.0016968081094477 0.9998144345216077
1.0380404747235386 1.001586260399355 4.58530260724415e-05 1.001771140724115 0.9998154465453793
1.0383564304897313 1.0015405682038965 4.58530260724415e-05 1.0017244306889934 0.9998164540272114
1.038672386255924 1.0015765908743555 4.58530260724415e-05 1.0017594550455957 0.9998174570049535
1.0389883420221167 1.001548947312696 4.58530260724415e-05 1.001730806014525 0.9998184555164551
1.0393042977883096 1.0015657904484743 4.58530260724415e-05 1.0017466562083865 0.9998194495995656
1.0396202535545023 1.001534662539006 4.58530260724415e-05 1.0017145311092912 0.9998204392921345
1.039936209320695 1.0016168329456379 4.58530260724415e-05 1.001795728986591 0.9998214246320113
1.0402521650868877 1.0015415525923341 4.58530260724415e-05 1.0017194523002901 0.9998224056570456
1.0405681208530804 1.0015549333387965 4.58530260724415e-05 1.0017318568100941 0.9998233824050868
1.040884076619273 1.0016236025615486 4.58530260724415e-05 1.0017995637320907 0.9998243549139845
1.0412000323854658 1.001476242537807 4.58530260724415e-05 1.001651207743868 0.9998253232215881
1.0415159881516587 1.0014805417541748 4.58530260724415e-05 1.0016545418032428 0.9998262873657471
1.0418319439178514 1.0015839816275462 4.58530260724415e-05 1.001757037776107 0.9998272473843111
1.042147899684044 1.0014865055484168 4.58530260724415e-05 1.0016585871730654 0.9998282033151293
1.0424638554502368 1.0016301370359078 4.58530260724415e-05 1.0018012895808215 0.9998291551960515
1.0427798112164295 1.001522808462787 4.58530260724415e-05 1.001692993032187 0.9998301030649273
1.0430957669826222 1.0015082390499315 4.58530260724415e-05 1.0016774755049125 0.9998310469596058
1.043411722748815 1.001631395489272 4.58530260724415e-05 1.0017997109463181 0.9998319869179367
1.0437276785150078 1.0016118395063713 4.58530260724415e-05 1.0017792137943444 0.9998329229777695
1.0440436342812005 1.001630306882689 4.58530260724415e-05 1.0017967502264837 0.9998338551769538
1.0443595900473932 1.0015869450018975 4.58530260724415e-05 1.0017524509822828 0.9998347835533389
1.044675545813586 1.0015066387752873 4.58530260724415e-05 1.0016712051959151 0.9998357081447743
1.0449915015797786 1.0016344012126142 4.58530260724415e-05 1.0017980659753605 0.9998366289891097
1.0453074573459713 1.0015352537604651 4.58530260724415e-05 1.0016979834802682 0.9998375461241944
1.0456234131121642 1.0015850330397182 4.58530260724415e-05 1.00174685563962 0.9998384595878781
1.045939368878357 1.0015923708930388 4.58530260724415e-05 1.0017532831059144 0.99983936941801
1.0462553246445496 1.0015425327347618 4.58530260724415e-05 1.0017025290176584 0.9998402756524398
1.0465712804107423 1.0015784842348008 4.58530260724415e-05 1.00173758187144 0.9998411783290171
1.046887236176935 1.0015932989118026 4.58530260724415e-05 1.001751498027184 0.9998420774855911
1.0472031919431277 1.0015689618000019 4.58530260724415e-05 1.0017262597090975 0.9998429731600115
1.0475191477093206 1.0015019822777391 4.58530260724415e-05 1.0016583758174726 0.9998438653901277
1.0478351034755133 1.0015667356590785 4.58530260724415e-05 1.0017222488171609 0.9998447542137894
1.048151059241706 1.001614545915834 4.58530260724415e-05 1.0017691793380967 0.9998456396688458
1.0484670150078987 1.0015225636602008 4.58530260724415e-05 1.0016762991424408 0.9998465217931465
1.0487829707740914 1.0015482134889406 4.58530260724415e-05 1.0017010724469926 0.9998474006245411
1.0490989265402841 1.0015357869390786 4.58530260724415e-05 1.0016877668125925 0.999848276200879
1.0494148823064768 1.0016411785365251 4.58530260724415e-05 1.0017923003476037 0.9998491485600098
1.0497308380726698 1.0015878757152197 4.58530260724415e-05 1.0017381186624024 0.9998500177397829
1.0500467938388625 1.0015763874284407 4.58530260724415e-05 1.0017257609893517 0.9998508837780478
1.0503627496050552 1.0015230590796884 4.58530260724415e-05 1.0016715601813264 0.999851746712654
1.0506787053712479 1.0015837261050584 4.58530260724415e-05 1.0017313747168457 0.9998526065814509
1.0509946611374406 1.0015287313759311 4.58530260724415e-05 1.0016755134776538 0.9998534634222883
1.0513106169036333 1.0015617466679072 4.58530260724415e-05 1.001707678174105 0.9998543172730154
1.0516265726698262 1.0015317732814233 4.58530260724415e-05 1.0016768479708993 0.9998551681714818
1.0519425284360189 1.0015925706412474 4.58530260724415e-05 1.0017368045575077 0.999856016155537
1.0522584842022116 1.0015886242446852 4.58530260724415e-05 1.0017320108995071 0.9998568612630305
1.0525744399684043 1.0015532677995969 4.58530260724415e-05 1.0016958055749292 0.9998577035318118
1.052890395734597 1.001581598089687 4.58530260724415e-05 1.0017232988626443 0.9998585429997303
1.0532063515007897 1.001513951453626 4.58530260724415e-05 1.0016548044480806 0.9998593797046357
1.0535223072669824 1.0014963145862597 4.58530260724415e-05 1.0016363296383737 0.9998602136843773
1.0538382630331753 1.001585444582523 4.58530260724415e-05 1.0017246392530057 0.9998610449768047
1.054154218799368 1.0015735547757147 4.58530260724415e-05 1.0017119176169311 0.9998618736197673
1.0544701745655607 1.001595638067078 4.58530260724415e-05 1.0017331763816852 0.9998626996511147
1.0547861303317534 1.0016763912814397 4.58530260724415e-05 1.0018131156211267 0.9998635231086964
1.055102086097946 1.0016110382831973 4.58530260724415e-05 1.001746931234486 0.9998643440303618
1.0554180418641388 1.00152648933301 4.58530260724415e-05 1.0016615509184978 0.9998651624539606
1.0557339976303317 1.001620150851255 4.58530260724415e-05 1.0017544075623912 0.999865978417342
1.0560499533965244 1.0015092060186235 4.58530260724415e-05 1.001642632872176 0.9998667919583557
1.056365909162717 1.0015489686776102 4.58530260724415e-05 1.001681588199799 0.9998676031148511
1.0566818649289098 1.001567594329837 4.58530260724415e-05 1.0016994060267275 0.9998684119246778
1.0569978206951025 1.0016498642575882 4.58530260724415e-05 1.001780878738028 0.9998692184256851
1.0573137764612952 1.0015377548849096 4.58530260724415e-05 1.0016679490247715 0.9998700226557228
1.057629732227488 1.0015345946025076 4.58530260724415e-05 1.0016639848956943 0.9998708246526401
1.0579456879936808 1.0015685529753053 4.58530260724415e-05 1.001697146393113 0.9998716244542867
1.0582616437598735 1.0015432281206624 4.58530260724415e-05 1.0016710192072744 0.9998724220985119
1.0585775995260662 1.0016258775241433 4.58530260724415e-05 1.0017528821355415 0.9998732176231654
1.058893555292259 1.001525287933534 4.58530260724415e-05 1.0016514849362637 0.9998740110660966
1.0592095110584516 1.0015227646870517 4.58530260724415e-05 1.0016481685685386 0.999874802465155
1.0595254668246443 1.0015558711313797 4.58530260724415e-05 1.001680488339621 0.9998755918581902
1.0598414225908372 1.0015536793824311 4.58530260724415e-05 1.0016775074740563 0.9998763792830514
1.06015737835703 1.0016655436034136 4.58530260724415e-05 1.0017885985287232 0.9998771647775885
1.0604733341232226 1.001621172749541 4.58530260724415e-05 1.0017434371592207 0.9998779483796506
1.0607892898894153 1.0015822208696599 4.58530260724415e-05 1.0017036973497335 0.9998787301270875
1.061105245655608 1.0015225843330549 4.58530260724415e-05 1.0016432722730877 0.9998795100577486
1.0614212014218007 1.0016180381139244 4.58530260724415e-05 1.0017379579585 0.9998802882094834
