sim_data/gcm01_sim_data_cubic_baseline_hd189_ncF444W.ecsv
# %ECSV 1.0
# ---
# datatype:
# - {name: Time (days), datatype: float64}
# - {name: Flux, datatype: float64}
# - {name: Flux err, datatype: float64}
# - {name: Flux before Baseline, datatype: float64}
# - {name: Baseline, datatype: float64}
# meta:
#   Amplitude: 0.0014619
#   M_planet: 0.0011130568768082329
#   M_planet_units: Msun
#   M_star: 0.812
#   M_star_units: Msun
#   Period: 2.218577
#   Period_units: days
#   R_star: 0.765
#   b_impact: !astropy.units.Quantity
#     unit: !astropy.units.Unit {unit: ''}
#     value: 0.6560793167814927
#   baseline_c: [0.0002, 0.0002, 0.0003, 1.0]
#   dur_14: 0.07681051894288836
#   dur_23: 0.043817925785034365
#   inc: 85.69
#   inc_units: deg
#   prot_star: 1.0
#   rp: 0.115056
#   rp_units: Rsun
#   t0: 0.0
#   y_input: [-8.684814416881487e-05, 0.08670433230910421, 0.1494331284409861, 0.0018629052589362975, 0.00027639925356365893, 0.06802456935447314,
#     0.015511602373684364, 0.09454611053054753, 0.000729828947182707, -0.0008445077266664528, 0.0012521910694945721, -0.0033840033897579247,
#     -0.013452997366555365, -0.019385414730800646, -0.028814623693635848]
# schema: astropy-2.0
"Time (days)" Flux "Flux err" "Flux before Baseline" Baseline
[from data line 333]
1.11450177014218 0.9999619263216765 4.58530260724415e-05 0.9999457154901386 1.0000162117115827
1.1148177259083727 0.9998952997375916 4.58530260724415e-05 0.99987806890604 1.0000172329327819
1.1151336816745654 1.0000460609020518 4.58530260724415e-05 1.0000278015849586 1.0000182588094693
1.1154496374407583 0.9999387749297476 4.58530260724415e-05 0.9999194871032973 1.0000192893794941
1.115765593206951 1.0000410018105876 4.58530260724415e-05 1.0000206767096342 1.0000203246807058
1.1160815489731437 0.999990000111343 4.58530260724415e-05 0.9999686360304723 1.0000213647509542
1.1163975047393364 1.000098506759285 4.58530260724415e-05 1.0000760954259262 1.0000224096280885
1.116713460505529 1.0000724548886806 4.58530260724415e-05 1.0000489943893456 1.0000234593499584
1.1170294162717218 1.0000037243337052 4.58530260724415e-05 0.9999792108889152 1.0000245139544133
1.1173453720379145 0.9999940332368175 4.58530260724415e-05 0.999968460564088 1.0000255734793027
1.1176613278041074 0.999970967356746 4.58530260724415e-05 0.9999443308771819 1.000026637962476
1.1179772835703001 1.0000074892446496 4.58530260724415e-05 0.9999797823630455 1.000027707441783
1.1182932393364928 1.0000159264372463 4.58530260724415e-05 0.9999871448521698 1.0000287819550728
1.1186091951026855 1.000013138738242 4.58530260724415e-05 0.9999832776974006 1.0000298615401952
1.1189251508688782 1.0000381318033207 4.58530260724415e-05 1.0000071853459616 1.0000309462349997
1.119241106635071 1.000058563888474 4.58530260724415e-05 1.0000265269613189 1.0000320360773354
1.1195570624012636 1.0000491643511666 4.58530260724415e-05 1.0000160327149328 1.0000331311050523
1.1198730181674565 0.9999991918453247 4.58530260724415e-05 0.999964961688734 1.0000342313559996
1.1201889739336492 0.999969407448435 4.58530260724415e-05 0.9999340729100651 1.0000353368680268
1.120504929699842 1.0000990178738465 4.58530260724415e-05 1.0000625679144077 1.0000364476789836
1.1208208854660346 1.0000059493077667 4.58530260724415e-05 0.9999683866685652 1.0000375638267192
1.1211368412322273 1.000008774556574 4.58530260724415e-05 0.9999700903645553 1.0000386853490835
1.12145279699842 1.0000159132253614 4.58530260724415e-05 0.9999761018928743 1.0000398122839254
1.121768752764613 0.9999564308927114 4.58530260724415e-05 0.9999154896838633 1.000040944669095
1.1220847085308057 1.000020165065668 4.58530260724415e-05 0.9999780834455307 1.0000420825424414
1.1224006642969984 1.0000212313205719 4.58530260724415e-05 0.9999780063294545 1.0000432259418144
1.122716620063191 1.0000728214725492 4.58530260724415e-05 1.0000284453052282 1.0000443749050634
1.1230325758293838 1.00007755730205 4.58530260724415e-05 1.0000320263738685 1.0000455294700377
1.1233485315955765 1.0000468625893353 4.58530260724415e-05 1.0000001729066756 1.0000466896745868
1.1236644873617694 1.00009058566913 4.58530260724415e-05 1.000042728067794 1.0000478555565606
1.123980443127962 1.00006461634133 4.58530260724415e-05 1.000015588423266 1.000049027153808
1.1242963988941548 1.0000494853958064 4.58530260724415e-05 0.9999992809277278 1.0000502045041793
1.1246123546603475 1.0000587670682113 4.58530260724415e-05 1.0000073790434967 1.000051387645523
1.1249283104265402 1.0000438341164506 4.58530260724415e-05 0.999991257960388 1.0000525766156894
1.1252442661927329 1.0000356654339315 4.58530260724415e-05 0.9999818949549384 1.0000537714525277
1.1255602219589256 1.0000426951261796 4.58530260724415e-05 0.9999877236071524 1.0000549721938874
1.1258761777251185 1.000004453238901 4.58530260724415e-05 0.9999482772670081 1.0000561788776179
1.1261921334913112 1.0000702513803983 4.58530260724415e-05 1.0000128591008257 1.000057391541569
1.126508089257504 1.0000130698317886 4.58530260724415e-05 0.9999544622771749 1.0000586102235898
1.1268240450236966 1.0000984286109362 4.58530260724415e-05 1.000038591340295 1.00005983496153
1.1271400007898893 1.0000496266639622 4.58530260724415e-05 0.9999885615692199 1.0000610657932392
1.127455956556082 1.0000645723926462 4.58530260724415e-05 1.000002269494684 1.0000623027565665
1.1277719123222747 1.0000861912388679 4.58530260724415e-05 1.0000226439105784 1.000063545889362
1.1280878680884676 1.0000942950557383 4.58530260724415e-05 1.0000294979149393 1.0000647952294748
1.1284038238546603 0.9999940282218115 4.58530260724415e-05 0.9999279821638939 1.0000660508147543
1.128719779620853 1.0000578248847865 4.58530260724415e-05 0.9999905128403423 1.0000673126830504
1.1290357353870457 1.0001089425066625 4.58530260724415e-05 1.000040358866604 1.0000685808722123
1.1293516911532384 0.9999919866905045 4.58530260724415e-05 0.9999221367095878 1.0000698554200895
1.1296676469194311 1.0000888956095053 4.58530260724415e-05 1.0000177579817355 1.0000711363645316
1.129983602685624 0.9999689918075836 4.58530260724415e-05 0.9998965755545811 1.000072423743388
1.1302995584518167 1.0000268291052958 4.58530260724415e-05 0.9999531149670395 1.0000737175945082
1.1306155142180094 1.000076789416324 4.58530260724415e-05 1.0000017713277007 1.0000750179557418
1.1309314699842021 1.000000353666108 4.58530260724415e-05 0.9999240345992186 1.0000763248649382
1.1312474257503948 1.0000328777683116 4.58530260724415e-05 0.9999552428832338 1.000077638359947
1.1315633815165875 1.0000168615990785 4.58530260724415e-05 0.9999379080231486 1.0000789584786178
1.1318793372827805 1.0001694687049953 4.58530260724415e-05 1.0000891762866544 1.0000802852587998
1.1321952930489732 1.0001135796282234 4.58530260724415e-05 1.0000319582814863 1.0000816187383426
1.1325112488151658 1.0001465788321293 4.58530260724415e-05 1.0000636145996329 1.0000829589550957
1.1328272045813585 1.0001270626036431 4.58530260724415e-05 1.000042753052398 1.0000843059469084
1.1331431603475512 1.0001398447871486 4.58530260724415e-05 1.0000541803944387 1.0000856597516308
1.133459116113744 1.0001026689854147 4.58530260724415e-05 1.0000156472166757 1.0000870204071117
1.1337750718799366 1.000186028314467 4.58530260724415e-05 1.000097631733797 1.000088387951201
1.1340910276461296 1.0001888910339012 4.58530260724415e-05 1.0000991197149274 1.0000897624217482
1.1344069834123223 1.000289252746876 4.58530260724415e-05 1.0001980908355106 1.0000911438566027
1.134722939178515 1.0003299562979973 4.58530260724415e-05 1.0002374020370282 1.000092532293614
1.1350388949447077 1.0003741364736394 4.58530260724415e-05 1.000280182386101 1.0000939277706316
1.1353548507109004 1.0003766902134075 4.58530260724415e-05 1.0002813330683296 1.000095330325505
1.135670806477093 1.000342230149136 4.58530260724415e-05 1.0002454664066334 1.0000967399960834
1.1359867622432858 1.0003518973193712 4.58530260724415e-05 1.0002537155952385 1.0000981568202167
1.1363027180094787 1.0004728333486188 4.58530260724415e-05 1.000373215347768 1.0000995808357545
1.1366186737756714 1.0004897629874094 4.58530260724415e-05 1.0003887116422916 1.000101012080546
1.136934629541864 1.0004291356820387 4.58530260724415e-05 1.0003266516239457 1.0001024505924405
1.1372505853080568 1.000564338571358 4.58530260724415e-05 1.0004603943287524 1.000103896409288
1.1375665410742495 1.000624100469231 4.58530260724415e-05 1.000518696255866 1.0001053495689378
1.1378824968404422 1.0006289973998237 4.58530260724415e-05 1.0005221315216597 1.0001068101092392
1.1381984526066349 1.0006581160883035 4.58530260724415e-05 1.0005497784913087 1.000108278068042
1.1385144083728278 1.0006705575656756 4.58530260724415e-05 1.0005607425390333 1.0001097534831955
1.1388303641390205 1.0006828627730302 4.58530260724415e-05 1.0005715628018967 1.0001112363925493
1.1391463199052132 1.000828038388091 4.58530260724415e-05 1.0007152309284202 1.0001127268339527
1.139462275671406 1.000819765174835 4.58530260724415e-05 1.000705459748549 1.0001142248452555
1.1397782314375986 1.0008662248049585 4.58530260724415e-05 1.0007504074956437 1.000115730464307
1.1400941872037915 1.000999695047948 4.58530260724415e-05 1.0008823478692372 1.0001172437289565
1.1404101429699842 1.00099516763398 4.58530260724415e-05 1.0008762988835722 1.000118764677054
1.140726098736177 1.001024487268758 4.58530260724415e-05 1.0009040851668791 1.0001202933464486
1.1410420545023696 1.00105778557443 4.58530260724415e-05 1.0009358417860459 1.0001218297749899
1.1413580102685623 1.0011647705857019 4.58530260724415e-05 1.001041268119761 1.0001233740005273
1.141673966034755 1.0012176433976592 4.58530260724415e-05 1.0010925808449274 1.0001249260609106
1.1419899218009477 1.0012249718981825 4.58530260724415e-05 1.001098346978684 1.0001264859939891
1.1423058775671406 1.001252361189842 4.58530260724415e-05 1.0011241633987924 1.0001280538376123
1.1426218333333333 1.0011725836213872 4.58530260724415e-05 1.0010428188115412 1.0001296296296296
1.142937789099526 1.001316861245771 4.58530260724415e-05 1.0011854922853973 1.0001312134078908
1.1432537448657187 1.0013472360881108 4.58530260724415e-05 1.0012142696165343 1.000132805210245
1.1435697006319114 1.0013988865009622 4.58530260724415e-05 1.0012643114965394 1.000134405074542
1.1438856563981041 1.0014784445735978 4.58530260724415e-05 1.0013422489716055 1.000136013038631
1.1442016121642968 1.0013492948350047 4.58530260724415e-05 1.0012114989570828 1.0001376291403619
1.1445175679304898 1.0014875436030413 4.58530260724415e-05 1.001348102457583 1.0001392534175837
1.1448335236966825 1.0015635731407107 4.58530260724415e-05 1.001422486824216 1.0001408859081464
1.1451494794628752 1.0015659828600358 4.58530260724415e-05 1.0014232533586034 1.0001425266498993
1.1454654352290679 1.001557065076029 4.58530260724415e-05 1.001412685720412 1.0001441756806917
1.1457813909952606 1.0016947691737261 4.58530260724415e-05 1.0015487102822267 1.0001458330383735
1.1460973467614533 1.0016984358723293 4.58530260724415e-05 1.0015507083839708 1.0001474987607937
1.146413302527646 1.001669622378351 4.58530260724415e-05 1.0015202227165392 1.000149172885802
1.1467292582938389 1.0017541581194909 4.58530260724415e-05 1.0016030608377766 1.0001508554512482
1.1470452140600316 1.0017994620309116 4.58530260724415e-05 1.0016466643430564 1.0001525464949814
1.1473611698262243 1.0017795222464352 4.58530260724415e-05 1.0016250255378056 1.0001542460548514
1.147677125592417 1.00182597912244 4.58530260724415e-05 1.0016697645469905 1.0001559541687075
1.1479930813586097 1.0017943125624447 4.58530260724415e-05 1.0016363836780002 1.000157670874399
1.1483090371248026 1.0017740651796425 4.58530260724415e-05 1.0016144116387704 1.000159396209776
1.1486249928909953 1.001740494558689 4.58530260724415e-05 1.001579109903687 1.0001611302126874
1.148940948657188 1.0017912093941375 4.58530260724415e-05 1.0016280713044257 1.0001628729209828
1.1492569044233807 1.0018055534098045 4.58530260724415e-05 1.0016406589448432 1.000164624372512
1.1495728601895734 1.0018383107738873 4.58530260724415e-05 1.0016716480322652 1.0001663846051243
1.149888815955766 1.0017943758028995 4.58530260724415e-05 1.0016259487370047 1.0001681536566691
1.1502047717219588 1.0018221511360585 4.58530260724415e-05 1.0016519388545075 1.0001699315649961
1.1505207274881517 1.0017584634708079 4.58530260724415e-05 1.0015864726763544 1.0001717183679548
1.1508366832543444 1.0017683459032727 4.58530260724415e-05 1.001594555122076 1.0001735141033945
1.151152639020537 1.0018007209474082 4.58530260724415e-05 1.0016251172246269 1.0001753188091649
1.1514685947867298 1.0017589714311979 4.58530260724415e-05 1.0015815587625885 1.0001771325231152
1.1517845505529225 1.0018465188149361 4.58530260724415e-05 1.0016672651659313 1.000178955283095
1.1521005063191152 1.0018317133288213 4.58530260724415e-05 1.0016506277896113 1.0001807871269541
1.152416462085308 1.0018248546354067 4.58530260724415e-05 1.001641926680927 1.0001826280925419
1.1527324178515008 1.0018291879743424 4.58530260724415e-05 1.001644406399473 1.0001844782177076
1.1530483736176935 1.0019079330769958 4.58530260724415e-05 1.0017212747985829 1.0001863375403008
1.1533643293838862 1.0017953506166914 4.58530260724415e-05 1.001606842101038 1.0001882060981713
1.153680285150079 1.001717509410641 4.58530260724415e-05 1.001527135197614 1.0001900839291682
1.1539962409162716 1.0018292386698888 4.58530260724415e-05 1.0016369533510594 1.000191971071141
1.1543121966824643 1.0018194139342032 4.58530260724415e-05 1.001625231292635 1.0001938675619397
1.154628152448657 1.0017996458545129 4.58530260724415e-05 1.0016035584809404 1.0001957734394133
1.15494410821485 1.0017801440672351 4.58530260724415e-05 1.0015821425540534 1.0001976887414115
1.1552600639810426 1.0018065573693313 4.58530260724415e-05 1.0016066231598661 1.0001996135057838
1.1555760197472353 1.0018366898643274 4.58530260724415e-05 1.0016348126011132 1.0002015477703794
1.155891975513428 1.0018069960752036 4.58530260724415e-05 1.0016031782688877 1.0002034915730482
1.1562079312796207 1.001942390107493 4.58530260724415e-05 1.0017365883825373 1.0002054449516395
1.1565238870458137 1.0017894000815977 4.58530260724415e-05 1.0015816640878983 1.0002074079440029
1.1568398428120064 1.0017987885326647 4.58530260724415e-05 1.0015890752231724 1.0002093805879877
1.157155798578199 1.0017319219720964 4.58530260724415e-05 1.001520237728765 1.0002113629214437
1.1574717543443918 1.0018501490544962 4.58530260724415e-05 1.0016364449285975 1.00021335498222
1.1577877101105845 1.001747877656863 4.58530260724415e-05 1.001532190880959 1.0002153568081664
1.1581036658767772 1.0018173652648203 4.58530260724415e-05 1.0015996491144599 1.0002173684371325
1.1584196216429699 1.0018312232741717 4.58530260724415e-05 1.0016114798247955 1.0002193899069673
1.1587355774091628 1.0018130858913912 4.58530260724415e-05 1.001591312285506 1.000221421255521
1.1590515331753555 1.0019271663881315 4.58530260724415e-05 1.0017033232385848 1.0002234625206423
1.1593674889415482 1.0018948118620128 4.58530260724415e-05 1.001668921757044 1.0002255137401812
1.1596834447077409 1.0019115052656056 4.58530260724415e-05 1.0016835471804495 1.0002275749519873
1.1599994004739336 1.0018123436557762 4.58530260724415e-05 1.0015823340848664 1.0002296461939097
1.1603153562401263 1.0019063953842047 4.58530260724415e-05 1.0016742799037037 1.0002317275037982
1.160631312006319 1.0018792118390565 4.58530260724415e-05 1.0016450082854946 1.000233818919502
1.160947267772512 1.0018936825135372 4.58530260724415e-05 1.0016573710269 1.0002359204788709
1.1612632235387046 1.001907366582878 4.58530260724415e-05 1.0016689371023206 1.0002380322197542
1.1615791793048973 1.0018203326331014 4.58530260724415e-05 1.0015797990577524 1.0002401541800017
1.16189513507109 1.0018444211191346 4.58530260724415e-05 1.0016017466402491 1.0002422863974623
1.1622110908372827 1.0019053244900769 4.58530260724415e-05 1.0016604897084014 1.000244428909986
1.1625270466034754 1.001745854340325 4.58530260724415e-05 1.001498902982774 1.0002465817554222
1.162843002369668 1.0019389611091494 4.58530260724415e-05 1.0016897958093183 1.0002487449716204
1.163158958135861 1.0018968332826936 4.58530260724415e-05 1.0016455017992616 1.0002509185964301
1.1634749139020537 1.0018712892700856 4.58530260724415e-05 1.0016177771386754 1.0002531026677006
1.1637908696682464 1.0018854307162919 4.58530260724415e-05 1.0016297174306754 1.0002552972232817
1.164106825434439 1.0018300215467093 4.58530260724415e-05 1.0015721144226053 1.0002575023010227
1.1644227812006318 1.0018631618692704 4.58530260724415e-05 1.0016030275954744 1.000259717938773
1.1647387369668245 1.0019316397380498 4.58530260724415e-05 1.0016692583111773 1.0002619441743823
1.1650546927330174 1.0019426828256581 4.58530260724415e-05 1.001678058468717 1.0002641810457
1.1653706484992101 1.0020087961391446 4.58530260724415e-05 1.0017419034556863 1.0002664285905758
1.1656866042654028 1.0018837375201064 4.58530260724415e-05 1.001614616846938 1.0002686868468589
1.1660025600315955 1.0018589288717634 4.58530260724415e-05 1.001587542865334 1.000270955852399
1.1663185157977882 1.0018675643795258 4.58530260724415e-05 1.0015938932260369 1.0002732356450452
1.166634471563981 1.001846483893095 4.58530260724415e-05 1.0015705249095885 1.0002755262626477
