sim_data/gcm01_sim_data_cubic_baseline_hd189_ncF444W.ecsv
# %ECSV 1.0
# ---
# datatype:
# - {name: Time (days), datatype: float64}
# - {name: Flux, datatype: float64}
# - {name: Flux err, datatype: float64}
# - {name: Flux before Baseline, datatype: float64}
# - {name: Baseline, datatype: float64}
# meta:
#   Amplitude: 0.0014619
#   M_planet: 0.0011130568768082329
#   M_planet_units: Msun
#   M_star: 0.812
#   M_star_units: Msun
#   Period: 2.218577
#   Period_units: days
#   R_star: 0.765
#   b_impact: !astropy.units.Quantity
#     unit: !astropy.units.Unit {unit: ''}
#     value: 0.6560793167814927
#   baseline_c: [0.0002, 0.0002, 0.0003, 1.0]
#   dur_14: 0.07681051894288836
#   dur_23: 0.043817925785034365
#   inc: 85.69
#   inc_units: deg
#   prot_star: 1.0
#   rp: 0.115056
#   rp_units: Rsun
#   t0: 0.0
#   y_input: [-8.684814416881487e-05, 0.08670433230910421, 0.1494331284409861, 0.0018629052589362975, 0.00027639925356365893, 0.06802456935447314,
#     0.015511602373684364, 0.09454611053054753, 0.000729828947182707, -0.0008445077266664528, 0.0012521910694945721, -0.0033840033897579247,
#     -0.013452997366555365, -0.019385414730800646, -0.028814623693635848]
# schema: astropy-2.0
"Time (days)" Flux "Flux err" "Flux before Baseline" Baseline
[from data line 167]
1.0620531129541864 1.0015096136850528 4.58530260724415e-05 1.0016279667191232 0.9998818393275718
1.062369068720379 1.0016354591194363 4.58530260724415e-05 1.0017530525364948 0.9998826123696246
1.0626850244865718 1.0015960730361615 4.58530260724415e-05 1.001712889002646 0.999883383784149
1.0630009802527645 1.0016243106551341 4.58530260724415e-05 1.0017403586604094 0.9998841536089946
1.0633169360189572 1.0015972520265137 4.58530260724415e-05 1.0017125272189122 0.9998849218820108
1.0636328917851499 1.0016224688703759 4.58530260724415e-05 1.0017369787857342 0.9998856886410472
1.0639488475513428 1.0015538813295242 4.58530260724415e-05 1.00166761675691 0.9998864539239533
1.0642648033175355 1.0015368543488548 4.58530260724415e-05 1.0016498226509563 0.9998872177685785
1.0645807590837282 1.0016160629859965 4.58530260724415e-05 1.001728276374376 0.9998879802127723
1.0648967148499209 1.001548518260188 4.58530260724415e-05 1.0016599616509885 0.9998887412943842
1.0652126706161136 1.001554276582537 4.58530260724415e-05 1.0016649595075484 0.9998895010512638
1.0655286263823063 1.001565542423006 4.58530260724415e-05 1.0016754667682708 0.9998902595212605
1.065844582148499 1.0015877642744488 4.58530260724415e-05 1.0016969324694536 0.9998910167422239
1.066160537914692 1.0015712667802343 4.58530260724415e-05 1.001679675814922 0.9998917727520034
1.0664764936808846 1.001524990289166 4.58530260724415e-05 1.0016326381642784 0.9998925275884485
1.0667924494470773 1.001559051651958 4.58530260724415e-05 1.0016659481503878 0.9998932812894087
1.06710840521327 1.0014871512828964 4.58530260724415e-05 1.001593286224502 0.9998940338927335
1.0674243609794627 1.0016182846322512 4.58530260724415e-05 1.0017236805522762 0.9998947854362724
1.0677403167456554 1.0015166948310532 4.58530260724415e-05 1.00162132824368 0.999895535957875
1.0680562725118483 1.0015400385766855 4.58530260724415e-05 1.0016439235800148 0.9998962854953906
1.068372228278041 1.0015935894953285 4.58530260724415e-05 1.0016967301140256 0.9998970340866689
1.0686881840442337 1.001557814168277 4.58530260724415e-05 1.001660202101639 0.9998977817695591
1.0690041398104264 1.0016629896552611 4.58530260724415e-05 1.0017646401338869 0.999898528581911
1.0693200955766191 1.001533491550942 4.58530260724415e-05 1.0016343816131725 0.999899274561574
1.0696360513428118 1.001605531913541 4.58530260724415e-05 1.0017056827017325 0.9999000197463975
1.0699520071090045 1.0015920071247153 4.58530260724415e-05 1.0016914107990313 0.9999007641742312
1.0702679628751974 1.001540772077379 4.58530260724415e-05 1.0016394256649592 0.9999015078829244
1.0705839186413901 1.0016188372833434 4.58530260724415e-05 1.0017167541841754 0.9999022509103267
1.0708998744075828 1.001587498224853 4.58530260724415e-05 1.0016846683546927 0.9999029932942876
1.0712158301737755 1.0016259366836162 4.58530260724415e-05 1.0017223674145337 0.9999037350726565
1.0715317859399682 1.0016184215349138 4.58530260724415e-05 1.0017141089896924 0.9999044762832829
1.071847741706161 1.0016664986115869 4.58530260724415e-05 1.0017614486030166 0.9999052169640165
1.0721636974723538 1.0016123277213411 4.58530260724415e-05 1.001706531055674 0.9999059571527065
1.0724796532385465 1.0015152563357748 4.58530260724415e-05 1.0016087095461803 0.9999066968872027
1.0727956090047392 1.0014999693030042 4.58530260724415e-05 1.0015926805222028 0.9999074362053543
1.073111564770932 1.0015379330784777 4.58530260724415e-05 1.0016299075994957 0.999908175145011
1.0734275205371246 1.0014920903577833 4.58530260724415e-05 1.0015833208325278 0.9999089137440222
1.0737434763033173 1.0014640270816555 4.58530260724415e-05 1.0015545154887209 0.9999096520402375
1.07405943206951 1.0013313964263995 4.58530260724415e-05 1.0014211337025827 0.9999103900715063
1.074375387835703 1.001373613463882 4.58530260724415e-05 1.001462615573957 0.999911127875678
1.0746913436018957 1.0013085434504765 4.58530260724415e-05 1.0013968010662508 0.9999118654906024
1.0750072993680884 1.0013214344532773 4.58530260724415e-05 1.0014089546376217 0.9999126029541288
1.075323255134281 1.0012689927258187 4.58530260724415e-05 1.0013557699123203 0.9999133403041066
1.0756392109004738 1.0012788961325918 4.58530260724415e-05 1.0013649358327985 0.9999140775783855
1.0759551666666665 1.0012142661646632 4.58530260724415e-05 1.0012995620532825 0.9999148148148148
1.0762711224328592 1.0011973188408914 4.58530260724415e-05 1.001281875041365 0.9999155520512442
1.076587078199052 1.0011005158416717 4.58530260724415e-05 1.0011843256568482 0.999916289325523
1.0769030339652448 1.0010384245729418 4.58530260724415e-05 1.0011214909512736 0.9999170266755009
1.0772189897314375 1.0010220442871454 4.58530260724415e-05 1.0011043709670155 0.9999177641390272
1.0775349454976302 1.0009985743779077 4.58530260724415e-05 1.001080160655155 0.9999185017539516
1.0778509012638229 1.0009747394586719 4.58530260724415e-05 1.0010555851500718 0.9999192395581233
1.0781668570300156 1.0010185332521562 4.58530260724415e-05 1.0010986435788716 0.9999199775893921
1.0784828127962085 1.0008702837924321 4.58530260724415e-05 1.0009496431984448 0.9999207158856074
1.0787987685624012 1.0007854499199822 4.58530260724415e-05 1.000864063303661 0.9999214544846187
1.079114724328594 1.0007703521885751 4.58530260724415e-05 1.0008482247617638 0.9999221934242754
1.0794306800947866 1.000721867434945 4.58530260724415e-05 1.0007989962689692 0.999922932742427
1.0797466358609793 1.000722172018314 4.58530260724415e-05 1.0007985604935352 0.9999236724769232
1.080062591627172 1.0005865826986928 4.58530260724415e-05 1.000662220088531 0.9999244126656132
1.080378547393365 1.0006175090822398 4.58530260724415e-05 1.0006924075602819 0.9999251533463467
1.0806945031595576 1.0005795060456049 4.58530260724415e-05 1.0006536599283904 0.9999258945569731
1.0810104589257503 1.0005411286033992 4.58530260724415e-05 1.0006145373527693 0.9999266363353421
1.081326414691943 1.000461770481667 4.58530260724415e-05 1.0005344305733967 0.9999273787193029
1.0816423704581357 1.000437533595339 4.58530260724415e-05 1.0005094484668997 0.9999281217467052
1.0819583262243284 1.0003431351755763 4.58530260724415e-05 1.0004142991911622 0.9999288654553984
1.0822742819905211 1.0003465862575012 4.58530260724415e-05 1.000417005727351 0.9999296098832321
1.082590237756714 1.0003059737623736 4.58530260724415e-05 1.0003756448560785 0.9999303550680556
1.0829061935229067 1.0003125733275846 4.58530260724415e-05 1.0003814985647173 0.9999311010477187
1.0832221492890994 1.0002041893728628 4.58530260724415e-05 1.0002723600747143 0.9999318478600705
1.0835381050552921 1.000257887296563 4.58530260724415e-05 1.0003253136811943 0.9999325955429608
1.0838540608214848 1.0002567283592014 4.58530260724415e-05 1.0003234057818546 0.9999333441342391
1.0841700165876775 1.0000608084749305 4.58530260724415e-05 1.0001267231550337 0.9999340936717547
1.0844859723538702 1.0001442598548425 4.58530260724415e-05 1.0002094293070207 0.9999348441933572
1.0848019281200632 1.000126361101114 4.58530260724415e-05 1.0001907776511119 0.9999355957368962
1.0851178838862559 1.0000384530328257 4.58530260724415e-05 1.0001021111921515 0.9999363483402209
1.0854338396524486 1.0000237181726048 4.58530260724415e-05 1.0000866215797442 0.9999371020411811
1.0857497954186413 1.0000121707144434 4.58530260724415e-05 1.000074318455198 0.9999378568776263
1.086065751184834 0.9999832311790027 4.58530260724415e-05 1.0000446210307532 0.9999386128874057
1.0863817069510266 0.9999639034655065 4.58530260724415e-05 1.0000245348446823 0.9999393701083691
1.0866976627172196 0.999885356141794 4.58530260724415e-05 0.9999452242839282 0.9999401285783658
1.0870136184834123 1.0000027055163965 4.58530260724415e-05 1.0000618208354835 0.9999408883352454
1.087329574249605 0.9999918884592438 4.58530260724415e-05 1.000050241974035 0.9999416494168574
1.0876455300157977 0.9999051187962293 4.58530260724415e-05 0.9999627047874163 0.9999424118610512
1.0879614857819904 0.9998759395336055 4.58530260724415e-05 0.999932760007064 0.9999431757056764
1.088277441548183 0.9999678320505634 4.58530260724415e-05 1.0000238924013654 0.9999439409885824
1.088593397314376 0.9999183075866318 4.58530260724415e-05 0.999973598379208 0.9999447077476188
1.0889093530805687 0.9999519846478383 4.58530260724415e-05 1.0000065089820989 0.999945476020635
1.0892253088467614 0.9999316044583213 4.58530260724415e-05 0.9999853578257629 0.9999462458454806
1.089541264612954 0.9999787247243506 4.58530260724415e-05 1.0000317091443829 0.999947017260005
1.0898572203791468 0.9999796449894452 4.58530260724415e-05 1.0000318563505979 0.9999477903020578
1.0901731761453395 0.9999152958852607 4.58530260724415e-05 0.9999667291644873 0.9999485650094884
1.0904891319115322 0.9998859132099777 4.58530260724415e-05 0.9999365685764856 0.9999493414201462
1.090805087677725 0.999877540676724 4.58530260724415e-05 0.999927417484396 0.9999501195718811
1.0911210434439178 0.9999788858699143 4.58530260724415e-05 1.0000279877415843 0.9999508995025421
1.0914369992101105 0.9998971710894256 4.58530260724415e-05 0.9999454872054564 0.999951681249979
1.0917529549763032 0.9999292268932058 4.58530260724415e-05 0.9999767609364923 0.9999524648520411
1.092068910742496 0.9999259088216924 4.58530260724415e-05 0.9999726571968476 0.9999532503465782
1.0923848665086886 0.999951627512619 4.58530260724415e-05 0.9999975896303936 0.9999540377714394
1.0927008222748813 0.9998660468866916 4.58530260724415e-05 0.9999112157115789 0.9999548271644746
1.0930167780410742 0.9999642742492848 4.58530260724415e-05 1.0000086560699206 0.999955618563533
1.093332733807267 0.999980432948169 4.58530260724415e-05 1.000024021988775 0.9999564120064642
1.0936486895734596 0.9999612617778817 4.58530260724415e-05 1.0000040544202626 0.9999572075311177
1.0939646453396523 0.9999437507022457 4.58530260724415e-05 0.9999857449282635 0.999958005175343
1.094280601105845 0.9999632708853722 4.58530260724415e-05 1.0000044660923635 0.9999588049769895
1.0945965568720377 0.9999779037173069 4.58530260724415e-05 1.0000182974824907 0.9999596069739068
1.0949125126382306 0.9998332844689896 4.58530260724415e-05 0.9998728682320513 0.9999604112039445
1.0952284684044233 1.0000508987248466 4.58530260724415e-05 1.0000896844980656 0.9999612177049518
1.095544424170616 0.9999799127948442 4.58530260724415e-05 1.000017886959296 0.9999620265147785
1.0958603799368087 0.9999329238752435 4.58530260724415e-05 0.9999700850922619 0.9999628376712739
1.0961763357030014 0.9999457254685847 4.58530260724415e-05 0.9999820736046944 0.9999636512122876
1.0964922914691941 0.9999871059258116 4.58530260724415e-05 1.00002263955459 0.999964467175669
1.096808247235387 0.9999599620671338 4.58530260724415e-05 0.9999946762830564 0.9999652855992678
1.0971242030015798 0.9998729966490115 4.58530260724415e-05 0.9999068869721539 0.9999661065209332
1.0974401587677725 1.0000615900929977 4.58530260724415e-05 1.0000946632449983 0.9999669299785149
1.0977561145339652 0.9999626875496568 4.58530260724415e-05 0.9999949313763619 0.9999677560098623
1.0980720703001579 1.0000153611892264 4.58530260724415e-05 1.0000467780059488 0.9999685846528249
1.0983880260663506 0.9999376843360495 4.58530260724415e-05 0.9999682674202861 0.9999694159452523
1.0987039818325433 1.0000406953663 4.58530260724415e-05 1.0000704475371254 0.999970249924994
1.0990199375987362 0.9999842159749072 4.58530260724415e-05 1.0000131297246324 0.9999710866298993
1.0993358933649289 0.9999998426462856 4.58530260724415e-05 1.0000279173322162 0.9999719260978178
1.0996518491311216 0.9999248416419074 4.58530260724415e-05 0.9999520719701498 0.9999727683665991
1.0999678048973143 1.0000291466852709 4.58530260724415e-05 1.0000555346765454 0.9999736134740926
1.100283760663507 1.000006090900641 4.58530260724415e-05 1.0000316302502836 0.9999744614581478
1.1005997164296997 1.0000350044720268 4.58530260724415e-05 1.0000596935891066 0.9999753123566142
1.1009156721958924 0.9999473671784997 4.58530260724415e-05 0.999971200284752 0.9999761662073413
1.1012316279620853 0.9999549670059666 4.58530260724415e-05 0.9999779434509957 0.9999770230481787
1.101547583728278 1.0000835221329003 4.58530260724415e-05 1.0001056415524077 0.9999778829169756
1.1018635394944707 0.9999301419514818 4.58530260724415e-05 0.9999513950668435 0.9999787458515819
1.1021794952606634 0.9999733783117705 4.58530260724415e-05 0.9999937662948303 0.9999796118898467
1.102495451026856 1.0000326099613908 4.58530260724415e-05 1.000052129909291 0.9999804810696198
1.1028114067930488 0.9999858343306882 4.58530260724415e-05 1.0000044809854927 0.9999813534287506
1.1031273625592417 1.0000089587203431 4.58530260724415e-05 1.0000267301902768 0.9999822290050885
1.1034433183254344 0.9999647921991257 4.58530260724415e-05 0.9999816840532466 0.9999831078364831
1.103759274091627 1.0000009578713962 4.58530260724415e-05 1.0000169681822737 0.9999839899607839
1.1040752298578198 0.99992496811213 4.58530260724415e-05 0.999940091790203 0.9999848754158402
1.1043911856240125 1.0000617934664369 4.58530260724415e-05 1.0000760303092842 0.9999857642395019
1.1047071413902052 0.9999812383628737 4.58530260724415e-05 0.9999945818209579 0.9999866564696182
1.105023097156398 0.9999563643033433 4.58530260724415e-05 0.9999688117710782 0.9999875521440386
1.1053390529225908 1.0000190066285688 4.58530260724415e-05 1.0000305556808347 0.9999884513006125
1.1056550086887835 0.999968228805668 4.58530260724415e-05 0.9999788746035768 0.9999893539771898
1.1059709644549762 0.9999290810190212 4.58530260724415e-05 0.9999388202115234 0.9999902602116196
1.106286920221169 0.9999294195141054 4.58530260724415e-05 0.9999382489270945 0.9999911700417515
1.1066028759873616 1.0000238948520574 4.58530260724415e-05 1.0000318115984586 0.9999920835054352
1.1069188317535543 0.9999856837667139 4.58530260724415e-05 0.9999926830749802 0.9999930006405199
1.1072347875197472 0.999987790901019 4.58530260724415e-05 0.9999938693788986 0.9999939214848553
1.10755074328594 1.00004426363643 4.58530260724415e-05 1.000049417814835 0.9999948460762907
1.1078666990521326 0.9999441062978149 4.58530260724415e-05 0.999948331626812 0.9999957744526758
1.1081826548183253 0.999963202976147 4.58530260724415e-05 0.9999664962139473 0.9999967066518601
1.108498610584518 0.999979994849369 4.58530260724415e-05 0.9999823520960749 0.9999976427116929
1.1088145663507107 1.0000029089697768 4.58530260724415e-05 1.0000043263058849 0.9999985826700238
1.1091305221169034 0.9999975928769623 4.58530260724415e-05 0.9999980663113445 0.9999995265647024
1.1094464778830964 0.9999873197814245 4.58530260724415e-05 0.9999868453540876 1.000000474433578
1.109762433649289 0.9999986005534478 4.58530260724415e-05 0.999997174242978 1.0000014263145003
1.1100783894154818 0.9999974619619658 4.58530260724415e-05 0.9999950797283685 1.0000023822453186
1.1103943451816745 0.999970346114811 4.58530260724415e-05 0.9999670039612099 1.0000033422638825
1.1107103009478672 0.9999670280588054 4.58530260724415e-05 0.9999627218112991 1.0000043064080415
1.1110262567140599 1.000017862187748 4.58530260724415e-05 1.000012587405708 1.0000052747156452
1.1113422124802526 0.9999653958168075 4.58530260724415e-05 0.9999591488474711 1.0000062472245428
1.1116581682464455 0.9999541553483455 4.58530260724415e-05 0.9999469317591252 1.000007223972584
1.1119741240126382 0.9999938853353934 4.58530260724415e-05 0.9999856804552669 1.0000082049976182
1.1122900797788309 1.0000019607612507 4.58530260724415e-05 0.9999927704901971 1.0000091903374952
1.1126060355450236 1.0001136586848292 4.58530260724415e-05 1.00010347760136 1.000010180030064
1.1129219913112163 0.9999788611119874 4.58530260724415e-05 0.999967687359878 1.0000111741131745
1.113237947077409 1.0000554245097737 4.58530260724415e-05 1.000043251358615 1.000012172624676
1.113553902843602 1.0000474368999948 4.58530260724415e-05 1.0000342608461692 1.0000131756024182
1.1138698586097946 0.9999596655870054 4.58530260724415e-05 0.9999454832759703 1.0000141830842504
