sim_data/gcm01_sim_data_cubic_baseline_hd189_ncF444W.ecsv
# %ECSV 1.0
# ---
# datatype:
# - {name: Time (days), datatype: float64}
# - {name: Flux, datatype: float64}
# - {name: Flux err, datatype: float64}
# - {name: Flux before Baseline, datatype: float64}
# - {name: Baseline, datatype: float64}
# meta:
#   Amplitude: 0.0014619
#   M_planet: 0.0011130568768082329
#   M_planet_units: Msun
#   M_star: 0.812
#   M_star_units: Msun
#   Period: 2.218577
#   Period_units: days
#   R_star: 0.765
#   b_impact: !astropy.units.Quantity
#     unit: !astropy.units.Unit {unit: ''}
#     value: 0.6560793167814927
#   baseline_c: [0.0002, 0.0002, 0.0003, 1.0]
#   dur_14: 0.07681051894288836
#   dur_23: 0.043817925785034365
#   inc: 85.69
#   inc_units: deg
#   prot_star: 1.0
#   rp: 0.115056
#   rp_units: Rsun
#   t0: 0.0
#   y_input: [-8.684814416881487e-05, 0.08670433230910421, 0.1494331284409861, 0.0018629052589362975, 0.00027639925356365893, 0.06802456935447314,
#     0.015511602373684364, 0.09454611053054753, 0.000729828947182707, -0.0008445077266664528, 0.0012521910694945721, -0.0033840033897579247,
#     -0.013452997366555365, -0.019385414730800646, -0.028814623693635848]
# schema: astropy-2.0
"Time (days)" Flux "Flux err" "Flux before Baseline" Baseline
[from data line 500]
1.1672663830963665 1.0019148178965036 4.58530260724415e-05 1.0016342199618025 1.0002801401241181
1.1675823388625592 1.0018977524957384 4.58530260724415e-05 1.0016148329207855 1.000282463443685
1.167898294628752 1.0019516785971094 4.58530260724415e-05 1.0016664062687648 1.000284797739606
1.1682142503949446 1.001892732215786 4.58530260724415e-05 1.0016051282646306 1.0002871430497304
1.1685302061611373 1.0018896308431886 4.58530260724415e-05 1.0015996683282407 1.0002894994119076
1.16884616192733 1.0018810097492932 4.58530260724415e-05 1.0015886792024893 1.000291866863987
1.169162117693523 1.0018349015632952 4.58530260724415e-05 1.0015402029217844 1.0002942454438186
1.1694780734597157 1.0018400020709215 4.58530260724415e-05 1.0015429092005073 1.0002966351892515
1.1697940292259084 1.0018599627527984 4.58530260724415e-05 1.0015604599807368 1.0002990361381352
1.170109984992101 1.0019758870394975 4.58530260724415e-05 1.0016739341065402 1.0003014483283192
1.1704259407582938 1.0019594164594074 4.58530260724415e-05 1.0016550417412453 1.0003038717976531
1.1707418965244865 1.0019835893650717 4.58530260724415e-05 1.0016767691756467 1.0003063065839866
1.1710578522906792 1.001861600470488 4.58530260724415e-05 1.0015523684473306 1.0003087527251686
1.171373808056872 1.001834602568325 4.58530260724415e-05 1.0015229183614578 1.0003112102590492
1.1716897638230648 1.0018968271343052 4.58530260724415e-05 1.0015826514659447 1.0003136792234775
1.1720057195892575 1.0019373821285729 4.58530260724415e-05 1.0016207100691312 1.0003161596563033
1.1723216753554502 1.001954418465634 4.58530260724415e-05 1.0016352457965763 1.0003186515953757
1.1726376311216429 1.0019818512897514 4.58530260724415e-05 1.0016601630414148 1.0003211550785447
1.1729535868878356 1.0019490724144071 4.58530260724415e-05 1.0016248763467872 1.0003236701436593
1.1732695426540285 1.002018227309689 4.58530260724415e-05 1.0016914787261233 1.0003261968285695
1.1735854984202212 1.0019303571869658 4.58530260724415e-05 1.0016010956793793 1.0003287351711243
1.173901454186414 1.0019009710725282 4.58530260724415e-05 1.0015691660218609 1.0003312852091735
1.1742174099526066 1.001868034070793 4.58530260724415e-05 1.0015336750774329 1.0003338469805665
1.1745333657187993 1.0019066810693993 4.58530260724415e-05 1.0015697324560324 1.0003364205231529
1.174849321484992 1.0019608822109336 4.58530260724415e-05 1.0016213266968765 1.0003390058747819
1.175165277251185 1.0019113437440867 4.58530260724415e-05 1.0015692046256606 1.0003416030733034
1.1754812330173776 1.0019974188236396 4.58530260724415e-05 1.0016526378090487 1.0003442121565667
1.1757971887835703 1.0020215887578678 4.58530260724415e-05 1.0016741749360591 1.0003468331624212
1.176113144549763 1.001850483222476 4.58530260724415e-05 1.0015004927223767 1.0003494661287164
1.1764291003159557 1.0020011863387623 4.58530260724415e-05 1.0016484947921565 1.0003521110933022
1.1767450560821484 1.001861214938592 4.58530260724415e-05 1.0015059125948234 1.0003547680940275
1.177061011848341 1.0019847635431458 4.58530260724415e-05 1.0016267449153067 1.0003574371687423
1.177376967614534 1.0020249463279096 4.58530260724415e-05 1.0016642286533284 1.0003601183552957
1.1776929233807267 1.001974164152388 4.58530260724415e-05 1.0016107680553676 1.0003628116915375
1.1780088791469194 1.0019149294187955 4.58530260724415e-05 1.0015488460735746 1.000365517215317
1.1783248349131121 1.0019492262297578 4.58530260724415e-05 1.0015804093033103 1.0003682349644838
1.1786407906793048 1.001966541834944 4.58530260724415e-05 1.0015949851744184 1.0003709649768873
1.1789567464454975 1.0019726597702396 4.58530260724415e-05 1.0015983551628855 1.0003737072903771
1.1792727022116902 1.0019742005494965 4.58530260724415e-05 1.0015971373452657 1.0003764619428028
1.1795886579778831 1.001980967544673 4.58530260724415e-05 1.0016011313772533 1.0003792289720135
1.1799046137440758 1.0019983131337247 4.58530260724415e-05 1.0016156875116387 1.0003820084158592
1.1802205695102685 1.0019356077648296 4.58530260724415e-05 1.0015502109309904 1.000384800312189
1.1805365252764612 1.0019824817896597 4.58530260724415e-05 1.0015942591484701 1.0003876046988525
1.180852481042654 1.00206577752766 4.58530260724415e-05 1.0016747020740744 1.0003904216136994
1.1811684368088466 1.0019810519324674 4.58530260724415e-05 1.0015871766789224 1.0003932510945788
1.1814843925750393 1.0019809118204934 4.58530260724415e-05 1.0015841911538421 1.0003960931793405
1.1818003483412323 1.0020533171029204 4.58530260724415e-05 1.001653709453163 1.0003989479058342
1.182116304107425 1.0018890655332493 4.58530260724415e-05 1.0014866528614572 1.0004018153119087
1.1824322598736177 1.0020632636805666 4.58530260724415e-05 1.001657897301682 1.0004046954354142
1.1827482156398104 1.001982711084703 4.58530260724415e-05 1.0015744810304343 1.0004075883141998
1.183064171406003 1.0020218556491933 4.58530260724415e-05 1.0016107004802177 1.0004104939861151
1.183380127172196 1.0020214055100511 4.58530260724415e-05 1.0016073285313525 1.0004134124890098
1.1836960829383887 1.0020628839875447 4.58530260724415e-05 1.0016458548852347 1.000416343860733
1.1840120387045814 1.0020100525716116 4.58530260724415e-05 1.0015900977233616 1.0004192881391345
1.184327994470774 1.0019939147309496 4.58530260724415e-05 1.0015710060188807 1.0004222453620637
1.1846439502369668 1.0020872554207998 4.58530260724415e-05 1.0016613334285933 1.00042521556737
1.1849599060031595 1.001921984542207 4.58530260724415e-05 1.0014931463858239 1.0004281987929031
1.1852758617693522 1.0020340967920562 4.58530260724415e-05 1.0016022108501137 1.0004311950765123
1.185591817535545 1.0019740722663124 4.58530260724415e-05 1.001539199482991 1.0004342044560472
1.1859077733017378 1.0020037244788988 4.58530260724415e-05 1.0015658128939153 1.0004372269693573
1.1862237290679305 1.0021336907384335 4.58530260724415e-05 1.001692682859093 1.000440262654292
1.1865396848341232 1.0020421630786258 4.58530260724415e-05 1.0015981430546521 1.000443311548701
1.186855640600316 1.0020559514251448 4.58530260724415e-05 1.0016088595821222 1.0004463736904337
1.1871715963665086 1.0019680834347287 4.58530260724415e-05 1.0015179520751691 1.0004494491173392
1.1874875521327013 1.0020191867320334 4.58530260724415e-05 1.0015659402175194 1.0004525378672677
1.1878035078988942 1.002064481488909 4.58530260724415e-05 1.001608108792186 1.0004556399780682
1.188119463665087 1.0020745860139706 4.58530260724415e-05 1.0016150895951652 1.0004587554875906
1.1884354194312796 1.0020894716031472 4.58530260724415e-05 1.0016268357593499 1.000461884433684
1.1887513751974723 1.002064442223721 4.58530260724415e-05 1.001598671944138 1.000465026854198
1.189067330963665 1.0020911099316951 4.58530260724415e-05 1.0016221676737307 1.000468182786982
1.1893832867298577 1.0020906519105557 4.58530260724415e-05 1.0016185367397037 1.0004713522698858
1.1896992424960504 1.001988810360749 4.58530260724415e-05 1.0015135567838063 1.0004745353407587
1.1900151982622433 1.0020773749920941 4.58530260724415e-05 1.0015988791188648 1.0004777320374503
1.190331154028436 1.0021138465962507 4.58530260724415e-05 1.0016321192430986 1.0004809423978098
1.1906471097946287 1.0021086351843218 4.58530260724415e-05 1.0016236825919824 1.000484166459687
1.1909630655608214 1.002067851139132 4.58530260724415e-05 1.0015796769369307 1.0004874042609315
1.1912790213270141 1.0020505674665308 4.58530260724415e-05 1.0015591466227434 1.0004906558393925
1.191594977093207 1.0020392191579124 4.58530260724415e-05 1.0015445350463383 1.0004939212329196
1.1919109328593998 1.0020875205244961 4.58530260724415e-05 1.0015895297301902 1.0004972004793622
1.1922268886255925 1.0021485379802813 4.58530260724415e-05 1.0016472199406459 1.00050049361657
1.1925428443917852 1.0020100535981713 4.58530260724415e-05 1.0015054944466493 1.0005038006823925
1.1928588001579778 1.00207237332106 4.58530260724415e-05 1.0015644582356378 1.000507121714679
1.1931747559241705 1.0020534224666335 4.58530260724415e-05 1.0015421784999274 1.000510456751279
1.1934907116903632 1.0021448035347054 4.58530260724415e-05 1.0016301601188902 1.0005138058300422
1.1938066674565562 1.0020864562995921 4.58530260724415e-05 1.001568476143553 1.000517168988818
1.1941226232227489 1.0020934027434787 4.58530260724415e-05 1.0015720381594297 1.0005205462654558
1.1944385789889416 1.0021081631545612 4.58530260724415e-05 1.0015833958559766 1.0005239376978052
1.1947545347551343 1.002141685723712 4.58530260724415e-05 1.0016134915360067 1.0005273433237158
1.195070490521327 1.002106400897635 4.58530260724415e-05 1.0015748018697483 1.0005307631810367
1.1953864462875197 1.0019878177419264 4.58530260724415e-05 1.0014528443287798 1.0005341973076178
1.1957024020537124 1.002155671939946 4.58530260724415e-05 1.0016171567412027 1.0005376457413084
1.1960183578199053 1.002154081506107 4.58530260724415e-05 1.001612100664744 1.0005411085199583
1.196334313586098 1.0021270745076098 4.58530260724415e-05 1.0015816274945064 1.0005445856814166
1.1966502693522907 1.002090634824206 4.58530260724415e-05 1.0015417125830595 1.000548077263533
1.1969662251184834 1.002159743731484 4.58530260724415e-05 1.0016072738818889 1.0005515833041567
1.197282180884676 1.0021642540735656 4.58530260724415e-05 1.001608257482522 1.0005551038411375
1.1975981366508688 1.002128556011428 4.58530260724415e-05 1.0015690405719844 1.000558638912325
1.1979140924170615 1.0021434567816725 4.58530260724415e-05 1.0015803797546925 1.0005621885555684
1.1982300481832544 1.0021140197848193 4.58530260724415e-05 1.0015473915349946 1.0005657528087175
1.198546003949447 1.0021518097345619 4.58530260724415e-05 1.0015815775826713 1.0005693317096216
1.1988619597156398 1.0020921941196568 4.58530260724415e-05 1.0015183988943905 1.00057292529613
1.1991779154818325 1.002185811246371 4.58530260724415e-05 1.0016083503722386 1.0005765336060926
1.1994938712480252 1.0021266904789012 4.58530260724415e-05 1.001545637089864 1.0005801566773587
1.1998098270142181 1.0021843095005323 4.58530260724415e-05 1.0015995811260143 1.0005837945477778
1.2001257827804108 1.0021122622649945 4.58530260724415e-05 1.0015239197872992 1.0005874472551992
1.2004417385466035 1.0021530931112625 4.58530260724415e-05 1.0015610555107153 1.0005911148374729
1.2007576943127962 1.002178507855502 4.58530260724415e-05 1.0015827690962178 1.000594797332448
1.201073650078989 1.0021108104710597 4.58530260724415e-05 1.001511411121422 1.000598494777974
1.2013896058451816 1.0021957291730301 4.58530260724415e-05 1.001592562908261 1.0006022072119005
1.2017055616113743 1.00217650745718 4.58530260724415e-05 1.0015696216968948 1.000605934672077
1.2020215173775672 1.002117434000949 4.58530260724415e-05 1.0015068381197558 1.000609677196353
1.20233747314376 1.0021410677492621 4.58530260724415e-05 1.0015266963979501 1.0006134348225781
1.2026534289099526 1.0022321278561181 4.58530260724415e-05 1.0016139241412891 1.0006172075886015
1.2029693846761453 1.0022489708434985 4.58530260724415e-05 1.0016269649732459 1.0006209955322731
1.203285340442338 1.0022053616213658 4.58530260724415e-05 1.0015795760128978 1.000624798691442
1.2036012962085307 1.0022335326617433 4.58530260724415e-05 1.0016039073142147 1.0006286171039578
1.2039172519747234 1.0022287947161475 4.58530260724415e-05 1.0015953349376074 1.0006324508076703
1.2042332077409164 1.0022372263142978 4.58530260724415e-05 1.0015999084523763 1.0006362998404286
1.204549163507109 1.0022846999832806 4.58530260724415e-05 1.0016434836437407 1.0006401642400822
1.2048651192733018 1.002160159890749 4.58530260724415e-05 1.0015151400293556 1.000644044044481
1.2051810750394945 1.0022639669563396 4.58530260724415e-05 1.0016149812550554 1.000647939291474
1.2054970308056872 1.0022190410979552 4.58530260724415e-05 1.0015661701709884 1.0006518500189112
1.2058129865718799 1.0022299342616956 4.58530260724415e-05 1.0015731263781138 1.0006557762646417
1.2061289423380726 1.0022300264371466 4.58530260724415e-05 1.001569273092821 1.000659718066515
1.2064448981042655 1.0022303678415592 4.58530260724415e-05 1.0015656532935047 1.000663675462381
1.2067608538704582 1.00219502037975 4.58530260724415e-05 1.001526352822504 1.0006676484900887
1.2070768096366509 1.002263412493661 4.58530260724415e-05 1.0015907069282455 1.000671637187488
1.2073927654028436 1.0023354028859097 4.58530260724415e-05 1.0016586406468737 1.000675641592428
1.2077087211690363 1.0022599065488924 4.58530260724415e-05 1.0015791715036775 1.0006796617427587
1.2080246769352292 1.0022661832021382 4.58530260724415e-05 1.001581404323348 1.0006836976763291
1.208340632701422 1.0022384907091249 4.58530260724415e-05 1.0015496754896998 1.000687749430989
1.2086565884676146 1.0022684330255651 4.58530260724415e-05 1.0015755260052328 1.0006918170445878
1.2089725442338073 1.0022990253828392 4.58530260724415e-05 1.0016020099882244 1.000695900554975
1.2092885 1.0022644746953893 4.58530260724415e-05 1.001563380329159 1.0007
