sim_data/sim_data_GP_baseline_hd189_ncF444W.ecsv
# %ECSV 0.9
# ---
# datatype:
# - {name: Time (days), datatype: float64}
# - {name: Flux, datatype: float64}
# - {name: Flux err, datatype: float64}
# - {name: Flux before Baseline, datatype: float64}
# - {name: Baseline, datatype: float64}
# meta:
#   Amplitude: 0.0014619
#   M_planet: 0.0011130568768082329
#   M_planet_units: Msun
#   M_star: 0.812
#   M_star_units: Msun
#   Period: 2.218577
#   Period_units: days
#   R_star: 0.765
#   b_impact: !astropy.units.Quantity
#     unit: !astropy.units.Unit {unit: ''}
#     value: 0.6560793167814927
#   baseline_c: [1.0]
#   dur_14: 0.07681051894288836
#   dur_23: 0.043817925785034365
#   inc: 85.69
#   inc_units: deg
#   prot_star: 1.0
#   rho_GP: 0.7
#   rp: 0.115056
#   rp_units: Rsun
#   sigma_GP: 0.001
#   t0: 0.0
#   y_input: [0.212587193559822, 0.1875962015746607, 0.10421312437579247, 0.1048652652063154, 0.07396204094643963, -0.10988426114539027,
#     -0.0061783184460587155, -0.06551775984748415, 0.12105423789196276, 0.15378327548573822, -0.04586185856263464, 0.05546885463911624,
#     0.12380765335963172, 0.04624802712083938, -0.10450553441687424]
# schema: astropy-2.0
"Time (days)" Flux "Flux err" "Flux before Baseline" Baseline
[from data line 485]
1.1625270466034754 1.0018356462393554 4.58530260724415e-05 1.001540279608552 0.00029536663080336595
1.162843002369668 1.0020227623660283 4.58530260724415e-05 1.001731271160165 0.00029149120586344473
1.163158958135861 1.0019922187831996 4.58530260724415e-05 1.0016870758766245 0.0003051429065750545
1.1634749139020537 1.001950897552881 4.58530260724415e-05 1.0016594499437925 0.00029144760908857663
1.1637908696682464 1.001980355004959 4.58530260724415e-05 1.0016714889645748 0.00030886604038422145
1.164106825434439 1.0018822288650482 4.58530260724415e-05 1.0016139846861045 0.0002682441789435836
1.1644227812006318 1.0019729379435178 4.58530260724415e-05 1.0016449965891807 0.0003279413543370705
1.1647387369668245 1.0020523799587313 4.58530260724415e-05 1.001711326035487 0.0003410539232441288
1.1650546927330174 1.00198970510276 4.58530260724415e-05 1.0017202249238157 0.00026948017894428956
1.1653706484992101 1.002001781112631 4.58530260724415e-05 1.0017841686415472 0.00021761247108375843
1.1656866042654028 1.0019673782227476 4.58530260724415e-05 1.0016569807633229 0.00031039745942467383
1.1660025600315955 1.0019611078567754 4.58530260724415e-05 1.0016300055117922 0.0003311023449832457
1.1663185157977882 1.001907293754128 4.58530260724415e-05 1.0016364546019052 0.00027083915222270237
1.166634471563981 1.0018249534571166 4.58530260724415e-05 1.0016131850139907 0.00021176844312592824
1.1669504273301738 1.0019326056126565 4.58530260724415e-05 1.0016561268699167 0.0002764787427398975
1.1672663830963665 1.0020129301702714 4.58530260724415e-05 1.00167707751979 0.00033585265048129495
1.1675823388625592 1.0018333823825905 4.58530260724415e-05 1.001657789203397 0.0001755931791932911
1.167898294628752 1.0019855526787451 4.58530260724415e-05 1.001709461274269 0.00027609140447625133
1.1682142503949446 1.0018850546609608 4.58530260724415e-05 1.001648281991081 0.00023677266987968536
1.1685302061611373 1.0018479207115467 4.58530260724415e-05 1.0016429207734763 0.00020499993807047618
1.16884616192733 1.0018944309801616 4.58530260724415e-05 1.0016320303641333 0.00026240061602823676
1.169162117693523 1.00175763387664 4.58530260724415e-05 1.0015836527972446 0.0001739810793954468
1.1694780734597157 1.0018268880017305 4.58530260724415e-05 1.0015864577869755 0.0002404302147549257
1.1697940292259084 1.0018920387770156 4.58530260724415e-05 1.0016041072751887 0.00028793150182687894
1.170109984992101 1.0019543689827641 4.58530260724415e-05 1.0017176801057337 0.00023668887703040688
1.1704259407582938 1.0018819631067715 4.58530260724415e-05 1.0016988864417224 0.00018307666504900229
1.1707418965244865 1.0018511545500166 4.58530260724415e-05 1.0017207125737315 0.00013044197628514124
1.1710578522906792 1.0017367838403048 4.58530260724415e-05 1.0015964105391297 0.0001403733011750451
1.171373808056872 1.0016682248309567 4.58530260724415e-05 1.0015670591428592 0.00010116568809753578
1.1716897638230648 1.0018803169831278 4.58530260724415e-05 1.0016268909326185 0.0002534260505093703
1.1720057195892575 1.001832911904918 4.58530260724415e-05 1.0016650482165288 0.00016786368838936355
1.1723216753554502 1.001802723133611 4.58530260724415e-05 1.0016796826199297 0.00012304051368131197
1.1726376311216429 1.0018044994563384 4.58530260724415e-05 1.0017046985357367 9.980092060163962e-05
1.1729535868878356 1.0017678322125119 4.58530260724415e-05 1.0016695105068711 9.832170564073959e-05
1.1732695426540285 1.0018584930091678 4.58530260724415e-05 1.001736211546542 0.00012228146262591264
1.1735854984202212 1.001714388449616 4.58530260724415e-05 1.0016459271544853 6.84612951306229e-05
1.173901454186414 1.001813576204134 4.58530260724415e-05 1.001614096145786 0.00019948005834796034
1.1742174099526066 1.0016641185313653 4.58530260724415e-05 1.0015787038440882 8.54146872771129e-05
1.1745333657187993 1.0016886530036773 4.58530260724415e-05 1.0016148598591073 7.379314456999758e-05
1.174849321484992 1.0017832558455464 4.58530260724415e-05 1.0016665527298383 0.00011670311570800639
1.175165277251185 1.0017831622801208 4.58530260724415e-05 1.0016145292817553 0.0001686329983653685
1.1754812330173776 1.0018638134067153 4.58530260724415e-05 1.0016980610812998 0.000165752325415576
1.1757971887835703 1.00180009320942 4.58530260724415e-05 1.0017196968172668 8.039639215314639e-05
1.176113144549763 1.0016553377708555 4.58530260724415e-05 1.001546113205119 0.00010922456573640654
1.1764291003159557 1.0017952220136266 4.58530260724415e-05 1.0016942138687877 0.0001010081448390382
1.1767450560821484 1.0016677785013037 4.58530260724415e-05 1.0015517302574737 0.00011604824383007841
1.177061011848341 1.0017742121621234 4.58530260724415e-05 1.001672661155883 0.00010155100624034582
1.177376967614534 1.001750676529033 4.58530260724415e-05 1.001710243463513 4.043306551983736e-05
1.1776929233807267 1.0016721110871318 4.58530260724415e-05 1.001656881426618 1.5229660513906752e-05
1.1780088791469194 1.0016684068271358 4.58530260724415e-05 1.0015950579971236 7.33488300121969e-05
1.1783248349131121 1.0016301107922436 4.58530260724415e-05 1.0016267197701652 3.3910220784450515e-06
1.1786407906793048 1.0017573275834764 4.58530260724415e-05 1.0016413941753608 0.00011593340811557198
1.1789567464454975 1.0016996050956017 4.58530260724415e-05 1.0016448626884715 5.4742407130266185e-05
1.1792727022116902 1.001642296424272 4.58530260724415e-05 1.001643743385825 -1.4469615530789126e-06
1.1795886579778831 1.0016701787450741 4.58530260724415e-05 1.0016478359228889 2.2342822185186585e-05
1.1799046137440758 1.0016691596921254 4.58530260724415e-05 1.0016624905522264 6.669139899029969e-06
1.1802205695102685 1.0016143357198073 4.58530260724415e-05 1.0015971124561798 1.72232636274802e-05
1.1805365252764612 1.001705437753626 4.58530260724415e-05 1.0016412591476824 6.417860594359008e-05
1.180852481042654 1.0016702436608989 4.58530260724415e-05 1.0017218005365032 -5.155687560426327e-05
1.1811684368088466 1.0015488843988731 4.58530260724415e-05 1.0016343735935331 -8.54891946601009e-05
1.1814843925750393 1.001637359474923 4.58530260724415e-05 1.0016314865093718 5.8729655512638215e-06
1.1818003483412323 1.0016783817120414 4.58530260724415e-05 1.0017011032381198 -2.2721526078381834e-05
1.182116304107425 1.0015216428244305 4.58530260724415e-05 1.00153414506412 -1.250223968944414e-05
1.1824322598736177 1.0017023966164722 4.58530260724415e-05 1.0017054879101008 -3.0912936286162822e-06
1.1827482156398104 1.0015860504207539 4.58530260724415e-05 1.001622170032429 -3.611961167525863e-05
1.183064171406003 1.0016641555196169 4.58530260724415e-05 1.0016584878633785 5.66765623830267e-06
1.183380127172196 1.0015781364081802 4.58530260724415e-05 1.0016552142830388 -7.707787485866042e-05
1.1836960829383887 1.001653383116779 4.58530260724415e-05 1.0016938389925758 -4.045587579664858e-05
1.1840120387045814 1.0015494941469392 4.58530260724415e-05 1.0016381801732548 -8.868602631552158e-05
1.184327994470774 1.001505969358612 4.58530260724415e-05 1.0016191867979936 -0.0001132174393817298
1.1846439502369668 1.0016696134538368 4.58530260724415e-05 1.0017096125233607 -3.999906952400028e-05
1.1849599060031595 1.001497601820054 4.58530260724415e-05 1.0015415237824488 -4.3921962394735256e-05
1.1852758617693522 1.0014825042791766 4.58530260724415e-05 1.0016506865345676 -0.00016818225539086482
1.185591817535545 1.0014428560148039 4.58530260724415e-05 1.0015877734410124 -0.00014491742620855057
1.1859077733017378 1.0015262189528769 4.58530260724415e-05 1.00161448511101 -8.826615813319507e-05
1.1862237290679305 1.0016871183303278 4.58530260724415e-05 1.0017414533205338 -5.433499020595496e-05
1.1865396848341232 1.0015087766541244 4.58530260724415e-05 1.0016470117454779 -0.0001382350913534194
1.186855640600316 1.0015338182648315 4.58530260724415e-05 1.0016578264871385 -0.0001240082223070992
1.1871715963665086 1.0013764386855184 4.58530260724415e-05 1.0015670171789477 -0.00019057849342927775
1.1874875521327013 1.0016020504897007 4.58530260724415e-05 1.0016151035043974 -1.3053014696671057e-05
1.1878035078988942 1.0015544372929608 4.58530260724415e-05 1.0016573702462659 -0.00010293295330519849
1.188119463665087 1.0015800076023067 4.58530260724415e-05 1.0016644492003146 -8.444159800794849e-05
1.1884354194312796 1.0015811032443005 4.58530260724415e-05 1.0016762934992012 -9.51902549007011e-05
1.1887513751974723 1.0015662012964284 4.58530260724415e-05 1.0016482278020886 -8.202650566015642e-05
1.189067330963665 1.0015756136043392 4.58530260724415e-05 1.001671821632941 -9.620802860187664e-05
1.1893832867298577 1.0015261082173923 4.58530260724415e-05 1.0016682887830988 -0.00014218056570650898
1.1896992424960504 1.0014684837745012 4.58530260724415e-05 1.0015634068940746 -9.492311957359342e-05
1.1900151982622433 1.0015225343732952 4.58530260724415e-05 1.0016488272784585 -0.0001262929051632538
1.190331154028436 1.0016126397975005 4.58530260724415e-05 1.0016821654342323 -6.952563673172095e-05
1.1906471097946287 1.0015099279211255 4.58530260724415e-05 1.0016738267966334 -0.00016389887550803643
1.1909630655608214 1.0014684079697738 4.58530260724415e-05 1.0016299191368392 -0.00016151116706544872
1.1912790213270141 1.0015005425330958 4.58530260724415e-05 1.001609486799411 -0.00010894426631523127
1.191594977093207 1.0015172867367257 4.58530260724415e-05 1.0015949731810292 -7.768644430355264e-05
1.1919109328593998 1.0015121050534976 4.58530260724415e-05 1.0016400658039293 -0.00012796075043165138
1.1922268886255925 1.0015266755660857 4.58530260724415e-05 1.00169785393422 -0.00017117836813446694
1.1925428443917852 1.001407514995093 4.58530260724415e-05 1.001556226340606 -0.00014871134551299416
1.1928588001579778 1.0014449509900076 4.58530260724415e-05 1.0016152880102849 -0.00017033702027723492
1.1931747559241705 1.0015342620832395 4.58530260724415e-05 1.0015931061353331 -5.884405209361723e-05
1.1934907116903632 1.0015826758517652 4.58530260724415e-05 1.0016811855948835 -9.850974311823195e-05
1.1938066674565562 1.0015426078691243 4.58530260724415e-05 1.0016195994397221 -7.699157059773996e-05
1.1941226232227489 1.001505496301458 4.58530260724415e-05 1.0016232592551224 -0.00011776295366438814
1.1944385789889416 1.0014759404968452 4.58530260724415e-05 1.0016347147302995 -0.00015877423345431326
1.1947545347551343 1.001586212070376 4.58530260724415e-05 1.0016649081678262 -7.869609745007868e-05
1.195070490521327 1.0015771736479229 4.58530260724415e-05 1.0016263162376888 -4.9142589765905706e-05
1.1953864462875197 1.0014124317286905 4.58530260724415e-05 1.001504456411224 -9.202468253355386e-05
1.1957024020537124 1.0015507356730757 4.58530260724415e-05 1.0016688665162918 -0.00011813084321601823
1.1960183578199053 1.0015997286082425 4.58530260724415e-05 1.0016639081103766 -6.417950213410595e-05
1.196334313586098 1.0015052013600312 4.58530260724415e-05 1.0016335325883385 -0.00012833122830726524
1.1966502693522907 1.0015190722966003 4.58530260724415e-05 1.001593715302505 -7.464300590464443e-05
1.1969662251184834 1.001517715861681 4.58530260724415e-05 1.001659374204118 -0.00014165834243704955
1.197282180884676 1.001502450600733 4.58530260724415e-05 1.0016604553844615 -0.0001580047837283288
1.1975981366508688 1.001532809919099 4.58530260724415e-05 1.0016213360303177 -8.852611121857107e-05
1.1979140924170615 1.0015365931559086 4.58530260724415e-05 1.0016327727458596 -9.617958995098494e-05
1.1982300481832544 1.0015824860740252 4.58530260724415e-05 1.0015998820351903 -1.7395961165169813e-05
1.198546003949447 1.0015221298979775 4.58530260724415e-05 1.0016341655678465 -0.00011203566986886549
1.1988619597156398 1.0014731848646088 4.58530260724415e-05 1.0015710843402512 -9.789947564237358e-05
1.1991779154818325 1.0015074954370475 4.58530260724415e-05 1.001661133254246 -0.00015363781719842658
1.1994938712480252 1.0014032109731261 4.58530260724415e-05 1.001598517383234 -0.00019530641010794952
1.1998098270142181 1.0014506337327018 4.58530260724415e-05 1.0016525588057168 -0.00020192507301490553
1.2001257827804108 1.001473562031196 4.58530260724415e-05 1.0015769948280588 -0.00010343279686264787
1.2004417385466035 1.001432775251189 4.58530260724415e-05 1.0016142278870104 -0.0001814526358214137
1.2007576943127962 1.0015592263020792 4.58530260724415e-05 1.0016360387822798 -7.681248020060818e-05
1.201073650078989 1.001508258371206 4.58530260724415e-05 1.0015647780912367 -5.6519720030703875e-05
1.2013896058451816 1.0015142196443547 4.58530260724415e-05 1.0016460271355665 -0.00013180749121171747
1.2017055616113743 1.0015844301425676 4.58530260724415e-05 1.001623183155182 -3.875301261441266e-05
1.2020215173775672 1.0014618126996453 4.58530260724415e-05 1.0015604967822687 -9.868408262344184e-05
1.20233747314376 1.0015273797288724 4.58530260724415e-05 1.0015804522376845 -5.307250881222932e-05
1.2026534289099526 1.0015561114065867 4.58530260724415e-05 1.0016677771309928 -0.0001116657244059932
1.2029693846761453 1.0016265797525459 4.58530260724415e-05 1.0016809150854187 -5.433533287277919e-05
1.203285340442338 1.001493043606836 4.58530260724415e-05 1.0016336232197907 -0.00014057961295465757
1.2036012962085307 1.0015892617225095 4.58530260724415e-05 1.0016580515878297 -6.878986532011704e-05
1.2039172519747234 1.001532533062673 4.58530260724415e-05 1.001649576249698 -0.00011704318702497833
1.2042332077409164 1.0015514108333088 4.58530260724415e-05 1.0016542467744467 -0.00010283594113801171
1.204549163507109 1.001632299743977 4.58530260724415e-05 1.0016979189470445 -6.56192030674822e-05
1.2048651192733018 1.0014862527595123 4.58530260724415e-05 1.0015696722848977 -8.341952538535703e-05
1.2051810750394945 1.0015761447112679 4.58530260724415e-05 1.00166961043359 -9.346572232226883e-05
1.2054970308056872 1.0015671515023967 4.58530260724415e-05 1.0016208962430195 -5.37447406228729e-05
1.2058129865718799 1.0015833164589567 4.58530260724415e-05 1.0016279493138949 -4.463285493815032e-05
1.2061289423380726 1.0014788614950727 4.58530260724415e-05 1.001624192862354 -0.0001453313672813399
1.2064448981042655 1.0015632679718558 4.58530260724415e-05 1.001620669866541 -5.740189468536965e-05
1.2067608538704582 1.0015339433435162 4.58530260724415e-05 1.0015814661685436 -4.7522825027476875e-05
1.2070768096366509 1.0015342130477616 4.58530260724415e-05 1.0016459170165364 -0.00011170396877472983
1.2073927654028436 1.0016545814576874 4.58530260724415e-05 1.001713947446412 -5.936598872474074e-05
1.2077087211690363 1.0014951978204183 4.58530260724415e-05 1.0016345749832076 -0.00013937716278939057
1.2080246769352292 1.0016255936909175 4.58530260724415e-05 1.0016369044513613 -1.1310760443878045e-05
1.208340632701422 1.0015216538453877 4.58530260724415e-05 1.0016052722344349 -8.361838904721576e-05
1.2086565884676146 1.0015551769153004 4.58530260724415e-05 1.001631219334676 -7.604241937547451e-05
1.2089725442338073 1.0016447387706782 4.58530260724415e-05 1.0016577998701082 -1.3061099430094437e-05
1.2092885 1.0015492282089593 4.58530260724415e-05 1.001619266730963 -7.003852200361467e-05
