sim_data/sim_data_baseline.ecsv
# %ECSV 0.9
# ---
# datatype:
# - {name: Time (days), datatype: float64}
# - {name: Flux, datatype: float64}
# - {name: Flux err, datatype: float64}
# - {name: Flux before Baseline, datatype: float64}
# - {name: Baseline, datatype: float64}
# meta:
#   Amplitude: 0.001
#   M_planet: 0.0
#   M_planet_units: Msun
#   M_star: 1.0
#   M_star_units: Msun
#   Period: 1.0
#   Period_units: days
#   R_star: 1.0
#   b_impact: !astropy.units.Quantity
#     unit: !astropy.units.Unit {unit: ''}
#     value: 0.512860118872354
#   baseline_c: [0.0002, 0.0002, 0.0003, 1.0]
#   dur_14: 0.07484685034248201
#   dur_23: 0.05665970843307687
#   inc: 83
#   inc_units: deg
#   prot_star: 1.0
#   rp: 0.1
#   rp_units: Rsun
#   t0: 0.0
#   y_input: [0.212587193559822, 0.1875962015746607, 0.10421312437579247, 0.1048652652063154, 0.07396204094643963, -0.10988426114539027,
#     -0.0061783184460587155, -0.06551775984748415, 0.12105423789196276, 0.15378327548573822, -0.04586185856263464, 0.05546885463911624,
#     0.12380765335963172, 0.04624802712083938, -0.10450553441687424]
# schema: astropy-2.0
"Time (days)" Flux "Flux err" "Flux before Baseline" Baseline
[from data line 1724]
0.5684416218856864 1.0014516944043226 1.5e-05 1.0010881696697298 1.000363129587989
0.5685393258426966 1.001465538129444 1.5e-05 1.0011011719751302 1.000363965365853
0.5686370297997069 1.0014720812378204 1.5e-05 1.0011068751365166 1.0003648023106964
0.5687347337567171 1.0014599881069677 1.5e-05 1.0010939476918317 1.0003656404236385
0.5688324377137274 1.001471496704204 1.5e-05 1.0011046121804588 1.0003664797057983
0.5689301416707376 1.0014593143869854 1.5e-05 1.0010915932644795 1.0003673201582952
0.5690278456277479 1.0014515087415883 1.5e-05 1.0010829482591785 1.0003681617822486
0.5691255495847581 1.0014882357332189 1.5e-05 1.0011188183053639 1.0003690045787774
0.5692232535417684 1.0015049260815392 1.5e-05 1.0011346578809672 1.0003698485490011
0.5693209574987786 1.0014937883389157 1.5e-05 1.001122678475046 1.0003706936940386
0.5694186614557889 1.0014712221171034 1.5e-05 1.0010992736779352 1.0003715400150095
0.5695163654127993 1.001497362009614 1.5e-05 1.001124555726071 1.0003723875130328
0.5696140693698095 1.0014759449431598 1.5e-05 1.0011022973366746 1.000373236189228
0.5697117733268198 1.0014642037392119 1.5e-05 1.001089710049176 1.0003740860447137
0.56980947728383 1.0014791234930136 1.5e-05 1.00110377256714 1.0003749370806096
0.5699071812408403 1.0014714693754299 1.5e-05 1.001095268487219 1.000375789298035
0.5700048851978505 1.001458895241505 1.5e-05 1.0010818450743484 1.0003766426981089
0.5701025891548608 1.0014609305815618 1.5e-05 1.001083024460821 1.0003774972819506
0.570200293111871 1.001487209912142 1.5e-05 1.0011084374807602 1.0003783530506793
0.5702979970688813 1.001448231345574 1.5e-05 1.0010686161102387 1.0003792100054143
0.5703957010258915 1.001485771727679 1.5e-05 1.0011052834973533 1.0003800681472748
0.5704934049829018 1.0014530207311374 1.5e-05 1.0010716850194865 1.0003809274773798
0.570591108939912 1.0014464127278029 1.5e-05 1.001064218425133 1.000381787996849
0.5706888128969223 1.0014514191567145 1.5e-05 1.001068360642027 1.0003826497068011
0.5707865168539326 1.0015092962359888 1.5e-05 1.0011253520409364 1.0003835126083558
0.5708842208109428 1.0014776110381374 1.5e-05 1.0010928142831546 1.0003843767026321
0.5709819247679531 1.0014826283098368 1.5e-05 1.0010969637225995 1.000385241990749
0.5710796287249633 1.0015034006571557 1.5e-05 1.0011168609538512 1.0003861084738261
0.5711773326819736 1.0014968974485605 1.5e-05 1.0011094919486518 1.0003869761529827
0.5712750366389838 1.001462775542803 1.5e-05 1.0010745137686412 1.0003878450293375
0.5713727405959941 1.0014974744371208 1.5e-05 1.0011083285090787 1.0003887151040103
0.5714704445530043 1.0014879772997707 1.5e-05 1.0010979631701562 1.0003895863781198
0.5715681485100146 1.001480866733986 1.5e-05 1.0010899822879666 1.0003904588527857
0.5716658524670248 1.0014871399888663 1.5e-05 1.0010953788023824 1.0003913325291267
0.5717635564240351 1.0015067629430334 1.5e-05 1.001114118569214 1.0003922074082627
0.5718612603810453 1.0014750474392673 1.5e-05 1.0010815388129024 1.0003930834913124
0.5719589643380557 1.0014951429186691 1.5e-05 1.0011007484875418 1.0003939607793952
0.572056668295066 1.0014897686311353 1.5e-05 1.0010944972070228 1.0003948392736302
0.5721543722520762 1.001463732871872 1.5e-05 1.0010675914305485 1.000395718975137
0.5722520762090865 1.0014794510808425 1.5e-05 1.0010824219074042 1.0003965998850344
0.5723497801660967 1.0014951788302895 1.5e-05 1.0010972606844715 1.0003974820044417
0.572447484123107 1.0015125383653407 1.5e-05 1.0011137293596934 1.0003983653344783
0.5725451880801172 1.0015088886343866 1.5e-05 1.0011091959117926 1.0003992498762635
0.5726428920371275 1.0015036178201158 1.5e-05 1.0011030408232637 1.0004001356309162
0.5727405959941377 1.0014832165707641 1.5e-05 1.0010817601609363 1.0004010225995559
0.572838299951148 1.0015232754276404 1.5e-05 1.0011209141368602 1.0004019107833015
0.5729360039081582 1.0015002732037617 1.5e-05 1.0010970311361462 1.0004028001832728
0.5730337078651685 1.0014827398464121 1.5e-05 1.001078613619428 1.0004036908005884
0.5731314118221787 1.0014958960559162 1.5e-05 1.0010908720716496 1.000404582636368
0.573229115779189 1.0015128904273283 1.5e-05 1.0011069658878387 1.0004054756917304
0.5733268197361993 1.0015003572608077 1.5e-05 1.0010935429100154 1.0004063699677952
0.5734245236932096 1.0015143542360598 1.5e-05 1.0011066380749074 1.0004072654656815
0.5735222276502199 1.0015184121056784 1.5e-05 1.0011097969420235 1.0004081621865084
0.5736199316072301 1.001508665644217 1.5e-05 1.001099155891968 1.0004090601313953
0.5737176355642404 1.0014905908972656 1.5e-05 1.001080188762374 1.0004099593014613
0.5738153395212506 1.0015063020487691 1.5e-05 1.001094992462671 1.0004108596978256
0.5739130434782609 1.0015057560434606 1.5e-05 1.001093544442548 1.0004117613216077
0.5740107474352711 1.0015337900642596 1.5e-05 1.0011206634326835 1.0004126641739264
0.5741084513922814 1.0014822947270823 1.5e-05 1.001068284662556 1.0004135682559014
0.5742061553492916 1.0015054889581316 1.5e-05 1.0010905633797842 1.0004144735686515
0.5743038593063019 1.0014995607826531 1.5e-05 1.0010837305092553 1.0004153801132962
0.5744015632633122 1.001514169399198 1.5e-05 1.0010974246636446 1.0004162878909546
0.5744992672203224 1.0014733781063332 1.5e-05 1.0010557407518155 1.000417196902746
0.5745969711773327 1.001527504997539 1.5e-05 1.0011089341944341 1.0004181071497895
0.5746946751343429 1.0015117989699072 1.5e-05 1.0010923226331658 1.0004190186332045
0.5747923790913532 1.0014847302480514 1.5e-05 1.0010643519391902 1.0004199313541102
0.5748900830483634 1.001507814348403 1.5e-05 1.001086511781386 1.0004208453136256
0.5749877870053737 1.0015231937643483 1.5e-05 1.0011009689062675 1.0004217605128702
0.5750854909623839 1.001490997033177 1.5e-05 1.0010678687167185 1.0004226769529632
0.5751831949193942 1.0015157517738185 1.5e-05 1.0010916947027757 1.0004235946350235
0.5752808988764044 1.0015006603756955 1.5e-05 1.0010756901704607 1.0004245135601708
0.5753786028334147 1.0015090129009319 1.5e-05 1.0010831183763176 1.000425433729524
0.5754763067904249 1.0015185856989803 1.5e-05 1.001091765075122 1.0004263551442023
0.5755740107474352 1.0015217668282004 1.5e-05 1.001094021571739 1.0004272778053251
0.5756717147044454 1.0015127804036679 1.5e-05 1.001084114469982 1.0004282017140116
0.5757694186614557 1.0015247701534613 1.5e-05 1.0010951733137825 1.000429126871381
0.5758671226184661 1.0015337845012375 1.5e-05 1.0011032567634968 1.0004300532785526
0.5759648265754763 1.0015181583752193 1.5e-05 1.0010867090876734 1.0004309809366454
0.5760625305324866 1.0015446622395396 1.5e-05 1.0011122719915353 1.0004319098467789
0.5761602344894968 1.0015459589360962 1.5e-05 1.00111263733207 1.0004328400100722
0.5762579384465071 1.0015184209174246 1.5e-05 1.001084179203819 1.0004337714276446
0.5763556424035173 1.001516121705727 1.5e-05 1.0010809477127087 1.000434704100615
0.5764533463605276 1.0015015604677395 1.5e-05 1.0010654582834888 1.000435638030103
0.5765510503175378 1.001525476262142 1.5e-05 1.001088427866459 1.0004365732172276
0.5766487542745481 1.0015227646038427 1.5e-05 1.0010847803388538 1.0004375096631082
0.5767464582315583 1.0015407536042562 1.5e-05 1.0011018231439337 1.0004384473688641
0.5768441621885686 1.0015072532282328 1.5e-05 1.00106739789257 1.0004393863356142
0.5769418661455789 1.0015265920232603 1.5e-05 1.0010857873577654 1.000440326564478
0.5770395701025891 1.0015461401637686 1.5e-05 1.0011043847774694 1.0004412680565746
0.5771372740595994 1.0015214914806643 1.5e-05 1.00107880360902 1.0004422108130233
0.5772349780166096 1.0015218615245094 1.5e-05 1.0010782288672306 1.000443154834943
0.57733268197362 1.0015124398436808 1.5e-05 1.0010678654810352 1.0004441001234536
0.5774303859306302 1.0015743325014723 1.5e-05 1.0011287834604674 1.0004450466796737
0.5775280898876405 1.0015246433544938 1.5e-05 1.001078167992771 1.0004459945047228
0.5776257938446507 1.0015172018276535 1.5e-05 1.001069780096566 1.0004469435997203
0.577723497801661 1.0015255091295696 1.5e-05 1.0010771327225378 1.000447893965785
0.5778212017586712 1.001526810429618 1.5e-05 1.0010774812028802 1.0004488456040364
0.5779189057156815 1.0015352464327865 1.5e-05 1.0010849599038387 1.0004497985155936
0.5780166096726918 1.00155253553577 1.5e-05 1.0011012864263622 1.0004507527015758
0.578114313629702 1.0015365340251994 1.5e-05 1.0010843360586477 1.0004517081631026
0.5782120175867123 1.0015280250495346 1.5e-05 1.0010748735906942 1.0004526649012926
0.5783097215437225 1.0015209577333843 1.5e-05 1.0010668508681158 1.0004536229172656
0.5784074255007328 1.0015439309677654 1.5e-05 1.001088853782064 1.0004545822121405
0.578505129457743 1.001545107859377 1.5e-05 1.0010890689548333 1.0004555427870367
0.5786028334147533 1.0015683117285286 1.5e-05 1.0011112997719496 1.0004565046430733
0.5787005373717635 1.0015475936423999 1.5e-05 1.001089627391605 1.0004574677813696
0.5787982413287738 1.0015455907738895 1.5e-05 1.001086660410719 1.0004584322030445
0.578895945285784 1.0015321810758377 1.5e-05 1.0010722905585792 1.000459397909218
0.5789936492427943 1.0015442295237986 1.5e-05 1.0010833658791645 1.0004603649010084
0.5790913531998045 1.0015431148346838 1.5e-05 1.0010812828235052 1.0004613331795358
0.5791890571568148 1.0015450152770133 1.5e-05 1.001082212221413 1.0004623027459187
0.579286761113825 1.0015370513912447 1.5e-05 1.0010732805674145 1.0004632736012766
0.5793844650708353 1.001560403424824 1.5e-05 1.001095649027694 1.000464245746729
0.5794821690278456 1.0015510661639795 1.5e-05 1.0010853420586385 1.0004652191833947
0.5795798729848558 1.0015510775077172 1.5e-05 1.0010843780648715 1.000466193912393
0.5796775769418661 1.0015292431452427 1.5e-05 1.0010615772734135 1.0004671699348435
0.5797752808988764 1.0015632568799946 1.5e-05 1.0010945971954606 1.000468147251865
0.5798729848558867 1.001564041580944 1.5e-05 1.00109440230394 1.0004691258645768
0.5799706888128969 1.0015450255064444 1.5e-05 1.0010744146438182 1.0004701057740983
0.5800683927699072 1.0015733638926816 1.5e-05 1.0011017578873354 1.0004710869815487
0.5801660967269174 1.0015389120199685 1.5e-05 1.0010663391457468 1.0004720694880471
0.5802638006839277 1.001559954107702 1.5e-05 1.0010863868940896 1.0004730532947128
0.5803615046409379 1.001557102800567 1.5e-05 1.0010825512270476 1.000474038402665
0.5804592085979482 1.001542297634018 1.5e-05 1.0010667660806374 1.0004750248130228
0.5805569125549584 1.0015658046126463 1.5e-05 1.0010892735778725 1.0004760125269057
0.5806546165119687 1.0015894028076615 1.5e-05 1.0011118708980922 1.0004770015454327
0.580752320468979 1.0015657627041985 1.5e-05 1.0010872511372715 1.000477991869723
0.5808500244259892 1.00155869596417 1.5e-05 1.001079195546413 1.0004789835008963
0.5809477283829995 1.0015732513894173 1.5e-05 1.001092750454873 1.0004799764400711
0.5810454323400097 1.0015690288440005 1.5e-05 1.0010875350831356 1.0004809706883673
0.58114313629702 1.0015687596690688 1.5e-05 1.0010862698767495 1.0004819662469036
0.5812408402540303 1.0015628588588856 1.5e-05 1.0010793744440405 1.0004829631167995
0.5813385442110406 1.0015914883540904 1.5e-05 1.0011069913139619 1.000483961299174
0.5814362481680508 1.0015779017770008 1.5e-05 1.0010924112052473 1.0004849607951467
0.5815339521250611 1.0015640249887925 1.5e-05 1.0010775397400136 1.0004859616058366
0.5816316560820713 1.0015712452394647 1.5e-05 1.0010837537583268 1.0004869637323628
0.5817293600390816 1.0015626561351827 1.5e-05 1.0010741648021728 1.0004879671758449
0.5818270639960919 1.001565555492487 1.5e-05 1.001076057393217 1.0004889719374017
0.5819247679531021 1.0015659797803753 1.5e-05 1.00107547480321 1.0004899780181526
0.5820224719101124 1.001559484693971 1.5e-05 1.001067974914643 1.000490985419217
0.5821201758671226 1.0015890862525259 1.5e-05 1.0010965526133502 1.0004919941417139
0.5822178798241329 1.0015739685222598 1.5e-05 1.0010804316781563 1.0004930041867626
0.5823155837811431 1.0015875685467768 1.5e-05 1.0010930130258575 1.0004940155554822
0.5824132877381534 1.0015701131897432 1.5e-05 1.0010745530066574 1.0004950282489924
0.5825109916951636 1.001580182992916 1.5e-05 1.0010836032115094 1.0004960422684117
0.5826086956521739 1.0015713380935007 1.5e-05 1.001073746764635 1.00049705761486
0.5827063996091841 1.001593730827799 1.5e-05 1.001095111091664 1.000498074289456
0.5828041035661944 1.001580125005151 1.5e-05 1.00108049344588 1.0004990922933192
0.5829018075232046 1.001573808596417 1.5e-05 1.0010731602689196 1.0005001116275687
0.5829995114802149 1.0015610646259498 1.5e-05 1.0010594014323566 1.000501132293324
0.5830972154372251 1.001590766226452 1.5e-05 1.0010880655579586 1.0005021542917039
0.5831949193942354 1.001576925971958 1.5e-05 1.0010732083337108 1.000503177623828
0.5832926233512457 1.0015882495363346 1.5e-05 1.0010835009418622 1.0005042022908155
0.5833903273082559 1.0015820372233664 1.5e-05 1.0010762651699656 1.0005052282937852
0.5834880312652662 1.0016046688579725 1.5e-05 1.0010978574276077 1.0005062556338569
0.5835857352222764 1.0015994482572004 1.5e-05 1.0010916101883274 1.0005072843121494
0.5836834391792868 1.001598928025038 1.5e-05 1.0010900596023395 1.0005083143297822
0.583781143136297 1.0015839057107527 1.5e-05 1.001074012978999 1.0005093456878742
0.5838788470933073 1.001601087269973 1.5e-05 1.0010901524921567 1.000510378387545
0.5839765510503175 1.0016207634079182 1.5e-05 1.0011087839321196 1.0005114124299137
0.5840742550073278 1.0015834783370314 1.5e-05 1.0010704819547922 1.0005124478160994
0.584171958964338 1.0015994950011455 1.5e-05 1.0010854530905353 1.0005134845472214
0.5842696629213483 1.0015730999841015 1.5e-05 1.001058032977798 1.000514522624399
0.5843673668783586 1.0016197839138696 1.5e-05 1.0011036528635868 1.0005155620487514
0.5844650708353688 1.0015937679219415 1.5e-05 1.0010766089213374 1.0005166028213979
0.5845627747923791 1.0016124307880698 1.5e-05 1.0010942194274588 1.0005176449434574
0.5846604787493893 1.0015757718614715 1.5e-05 1.001056535432732 1.0005186884160493
0.5847581827063996 1.0016295597847662 1.5e-05 1.0011092500303607 1.0005197332402929
0.5848558866634098 1.001598177132318 1.5e-05 1.0010768369205065 1.0005207794173074
0.5849535906204201 1.0016126737625524 1.5e-05 1.0010902778779625 1.0005218269482121
0.5850512945774303 1.001607701053279 1.5e-05 1.0010842582866966 1.0005228758341262
0.5851489985344407 1.0016025578216445 1.5e-05 1.0010780669181056 1.0005239260761687
0.5852467024914509 1.0016326476739033 1.5e-05 1.0011070888015385 1.0005249776754592
0.5853444064484612 1.0015835707709535 1.5e-05 1.0010569841318049 1.0005260306331165
0.5854421104054714 1.0016137458196155 1.5e-05 1.0010860884085007 1.00052708495026
0.5855398143624817 1.0016238892700888 1.5e-05 1.001095170238182 1.0005281406280093
0.585637518319492 1.0016107352434873 1.5e-05 1.0010809655315662 1.000529197667483
0.5857352222765022 1.0016103721070584 1.5e-05 1.0010795436027096 1.0005302560698008
0.5858329262335125 1.0016109677783045 1.5e-05 1.0010790786106685 1.0005313158360818
0.5859306301905227 1.0015956498409408 1.5e-05 1.0010627071127058 1.000532376967445
0.586028334147533 1.0016156127043687 1.5e-05 1.0010815962732214 1.00053343946501
0.5861260381045432 1.0016237029992774 1.5e-05 1.001088617799543 1.0005345033298956
0.5862237420615535 1.0016180066428302 1.5e-05 1.0010818586701153 1.0005355685632213
0.5863214460185637 1.0016138610893452 1.5e-05 1.0010766481559767 1.0005366351661065
0.586419149975574 1.0016115692592653 1.5e-05 1.0010732890087255 1.00053770313967
0.5865168539325842 1.0016157003830766 1.5e-05 1.0010763479913634 1.0005387724850312
0.5866145578895945 1.0016397427890316 1.5e-05 1.001099306132778 1.0005398432033095
0.5867122618466047 1.0015905256827045 1.5e-05 1.0010490429437064 1.000540915295624
0.586809965803615 1.0016234205793813 1.5e-05 1.0010808460098954 1.0005419887630937
0.5869076697606253 1.0016188785803948 1.5e-05 1.0010752310547018 1.0005430636068382
0.5870053737176355 1.0016466263174444 1.5e-05 1.001101886908915 1.0005441398279764
