sim_data/sim_data_gcm01_baseline_hd189_ncF444W.ecsv
# %ECSV 1.0
# ---
# datatype:
# - {name: Time (days), datatype: float64}
# - {name: Flux, datatype: float64}
# - {name: Flux err, datatype: float64}
# - {name: Flux before Baseline, datatype: float64}
# - {name: Baseline, datatype: float64}
# meta:
#   Amplitude: 0.0014619
#   M_planet: 0.0011130568768082329
#   M_planet_units: Msun
#   M_star: 0.812
#   M_star_units: Msun
#   Period: 2.218577
#   Period_units: days
#   R_star: 0.765
#   b_impact: !astropy.units.Quantity
#     unit: !astropy.units.Unit {unit: ''}
#     value: 0.6560793167814927
#   baseline_c: [0.0002, 0.0003, 1.0]
#   dur_14: 0.07681051894288836
#   dur_23: 0.043817925785034365
#   inc: 85.69
#   inc_units: deg
#   prot_star: 1.0
#   rp: 0.115056
#   rp_units: Rsun
#   t0: 0.0
#   y_input: [-8.684814416881487e-05, 0.08670433230910421, 0.1494331284409861, 0.0018629052589362975, 0.00027639925356365893, 0.06802456935447314,
#     0.015511602373684364, 0.09454611053054753, 0.000729828947182707, -0.0008445077266664528, 0.0012521910694945721, -0.0033840033897579247,
#     -0.013452997366555365, -0.019385414730800646, -0.028814623693635848]
# schema: astropy-2.0
"Time (days)" Flux "Flux err" "Flux before Baseline" Baseline
[from data line 333]
1.11450177014218 0.9999618979857702 4.58530260724415e-05 0.9999457154901386 1.0000161833741381
1.1148177259083727 0.9998952659334399 4.58530260724415e-05 0.99987806890604 1.000017199124508
1.1151336816745654 1.000046020959472 4.58530260724415e-05 1.0000278015849586 1.0000182188679998
1.1154496374407583 0.9999387281586329 4.58530260724415e-05 0.9999194871032973 1.0000192426046135
1.115765593206951 1.0000409474631071 4.58530260724415e-05 1.0000206767096342 1.000020270334349
1.1160815489731437 0.9999899374195615 4.58530260724415e-05 0.9999686360304723 1.0000213020572064
1.1163975047393364 1.0000984348989141 4.58530260724415e-05 1.0000760954259262 1.0000223377731856
1.116713460505529 1.0000723730169978 4.58530260724415e-05 1.0000489943893456 1.0000233774822869
1.1170294162717218 1.0000036315657301 4.58530260724415e-05 0.9999792108889152 1.0000244211845097
1.1173453720379145 0.9999939286406683 4.58530260724415e-05 0.999968460564088 1.0000254688798544
1.1176613278041074 0.9999708499691261 4.58530260724415e-05 0.9999443308771819 1.000026520568321
1.1179772835703001 1.0000073580554285 4.58530260724415e-05 0.9999797823630455 1.0000275762499096
1.1182932393364928 1.0000157804086705 4.58530260724415e-05 0.9999871448521698 1.0000286359246198
1.1186091951026855 1.000012976793207 4.58530260724415e-05 0.9999832776974006 1.000029699592452
1.1189251508688782 1.000037952820441 4.58530260724415e-05 1.0000071853459616 1.0000307672534061
1.119241106635071 1.0000583667133902 4.58530260724415e-05 1.0000265269613189 1.0000318389074818
1.1195570624012636 1.000048947797322 4.58530260724415e-05 1.0000160327149328 1.0000329145546796
1.1198730181674565 0.999998954692634 4.58530260724415e-05 0.999964961688734 1.0000339941949992
1.1201889739336492 0.9999691484259265 4.58530260724415e-05 0.9999340729100651 1.0000350778284406
1.120504929699842 1.0000987356322086 4.58530260724415e-05 1.0000625679144077 1.0000361654550038
1.1208208854660346 1.000005642565434 4.58530260724415e-05 0.9999683866685652 1.000037257074689
1.1211368412322273 1.0000084419049362 4.58530260724415e-05 0.9999700903645553 1.0000383526874959
1.12145279699842 1.0000155532434638 4.58530260724415e-05 0.9999761018928743 1.0000394522934246
1.121768752764613 0.9999560421489473 4.58530260724415e-05 0.9999154896838633 1.0000405558924752
1.1220847085308057 1.0000197460170583 4.58530260724415e-05 0.9999780834455307 1.0000416634846476
1.1224006642969984 1.0000207804586159 4.58530260724415e-05 0.9999780063294545 1.000042775069942
1.122716620063191 1.0000723372020692 4.58530260724415e-05 1.0000284453052282 1.0000438906483582
1.1230325758293838 1.000077038035279 4.58530260724415e-05 1.0000320263738685 1.0000450102198963
1.1233485315955765 1.0000463066992085 4.58530260724415e-05 1.0000001729066756 1.000046133784556
1.1236644873617694 1.0000899914295176 4.58530260724415e-05 1.000042728067794 1.000047261342338
1.123980443127962 1.0000639820708763 4.58530260724415e-05 1.000015588423266 1.0000483928932413
1.1242963988941548 1.00004880932938 4.58530260724415e-05 0.9999992809277278 1.0000495284372668
1.1246123546603475 1.000058047391792 4.58530260724415e-05 1.0000073790434967 1.000050667974414
1.1249283104265402 1.0000430690121331 4.58530260724415e-05 0.999991257960388 1.0000518115046833
1.1252442661927329 1.000034853024187 4.58530260724415e-05 0.9999818949549384 1.0000529590280742
1.1255602219589256 1.000041833487457 4.58530260724415e-05 0.9999877236071524 1.000054110544587
1.1258761777251185 1.0000035404627183 4.58530260724415e-05 0.9999482772670081 1.0000552660542217
1.1261921334913112 1.0000692853833857 4.58530260724415e-05 1.0000128591008257 1.0000564255569782
1.126508089257504 1.000012048707557 4.58530260724415e-05 0.9999544622771749 1.0000575890528565
1.1268240450236966 1.0000973501496453 4.58530260724415e-05 1.000038591340295 1.0000587565418566
1.1271400007898893 1.0000484889077161 4.58530260724415e-05 0.9999885615692199 1.0000599280239788
1.127455956556082 1.0000633731325805 4.58530260724415e-05 1.000002269494684 1.0000611034992226
1.1277719123222747 1.0000849282884965 4.58530260724415e-05 1.0000226439105784 1.0000622829675883
1.1280878680884676 1.0000929662161426 4.58530260724415e-05 1.0000294979149393 1.000063466429076
1.1284038238546603 0.9999926313913463 4.58530260724415e-05 0.9999279821638939 1.0000646538836853
1.128719779620853 1.0000563575470738 4.58530260724415e-05 0.9999905128403423 1.0000658453314166
1.1290357353870457 1.0001074023445635 4.58530260724415e-05 1.000040358866604 1.0000670407722698
1.1293516911532384 0.9999903716024257 4.58530260724415e-05 0.9999221367095878 1.0000682402062449
1.1296676469194311 1.0000872028482557 4.58530260724415e-05 1.0000177579817355 1.0000694436333415
1.129983602685624 0.9999672193010952 4.58530260724415e-05 0.9998965755545811 1.0000706510535602
1.1302995584518167 1.000024974064666 4.58530260724415e-05 0.9999531149670395 1.0000718624669007
1.1306155142180094 1.0000748493305087 4.58530260724415e-05 1.0000017713277007 1.000073077873363
1.1309314699842021 0.9999983262281438 4.58530260724415e-05 0.9999240345992186 1.0000742972729473
1.1312474257503948 1.0000307601687999 4.58530260724415e-05 0.9999552428832338 1.0000755206656533
1.1315633815165875 1.0000146513091919 4.58530260724415e-05 0.9999379080231486 1.0000767480514814
1.1318793372827805 1.0001671626710016 4.58530260724415e-05 1.0000891762866544 1.000077979430431
1.1321952930489732 1.0001111756155578 4.58530260724415e-05 1.0000319582814863 1.0000792148025026
1.1325112488151658 1.0001440738853888 4.58530260724415e-05 1.0000636145996329 1.0000804541676962
1.1328272045813585 1.0001244540712282 4.58530260724415e-05 1.000042753052398 1.0000816975260114
1.1331431603475512 1.0001371297658734 4.58530260724415e-05 1.0000541803944387 1.0000829448774486
1.133459116113744 1.0000998447561198 4.58530260724415e-05 1.0000156472166757 1.0000841962220075
1.1337750718799366 1.0001830916362695 4.58530260724415e-05 1.000097631733797 1.0000854515596884
1.1340910276461296 1.0001858392001772 4.58530260724415e-05 1.0000991197149274 1.0000867108904912
1.1344069834123223 1.000286082476812 4.58530260724415e-05 1.0001980908355106 1.0000879742144158
1.134722939178515 1.0003266647546114 4.58530260724415e-05 1.0002374020370282 1.000089241531462
1.1350388949447077 1.0003707205878352 4.58530260724415e-05 1.000280182386101 1.0000905128416302
1.1353548507109004 1.0003731470362902 4.58530260724415e-05 1.0002813330683296 1.0000917881449203
1.135670806477093 1.000338556692896 4.58530260724415e-05 1.0002454664066334 1.0000930674413322
1.1359867622432858 1.0003480902643564 4.58530260724415e-05 1.0002537155952385 1.0000943507308662
1.1363027180094787 1.0004688890548643 4.58530260724415e-05 1.000373215347768 1.0000956380135217
1.1366186737756714 1.000485678609134 4.58530260724415e-05 1.0003887116422916 1.0000969292892992
1.136934629541864 1.0004249082673555 4.58530260724415e-05 1.0003266516239457 1.0000982245581984
1.1372505853080568 1.0005599639691745 4.58530260724415e-05 1.0004603943287524 1.0000995238202197
1.1375665410742495 1.0006195756298553 4.58530260724415e-05 1.000518696255866 1.0001008270753626
1.1378824968404422 1.000624319172837 4.58530260724415e-05 1.0005221315216597 1.0001021343236276
1.1381984526066349 1.0006532809284696 4.58530260724415e-05 1.0005497784913087 1.0001034455650142
1.1385144083728278 1.0006655620823928 4.58530260724415e-05 1.0005607425390333 1.0001047607995228
1.1388303641390205 1.0006777034604475 4.58530260724415e-05 1.0005715628018967 1.0001060800271533
1.1391463199052132 1.0008227109944505 4.58530260724415e-05 1.0007152309284202 1.0001074032479056
1.139462275671406 1.0008142669152926 4.58530260724415e-05 1.000705459748549 1.0001087304617795
1.1397782314375986 1.0008605517555205 4.58530260724415e-05 1.0007504074956437 1.0001100616687755
1.1400941872037915 1.0009938430289205 4.58530260724415e-05 1.0008823478692372 1.0001113968688933
1.1404101429699842 1.0009891337361905 4.58530260724415e-05 1.0008762988835722 1.000112736062133
1.140726098736177 1.00101826755273 4.58530260724415e-05 1.0009040851668791 1.0001140792484944
1.1410420545023696 1.0010513762348983 4.58530260724415e-05 1.0009358417860459 1.000115426427978
1.1413580102685623 1.0011581673171366 4.58530260724415e-05 1.001041268119761 1.000116777600583
1.141673966034755 1.001210842680835 4.58530260724415e-05 1.0010925808449274 1.00011813276631
1.1419899218009477 1.0012179701474377 4.58530260724415e-05 1.001098346978684 1.0001194919251588
1.1423058775671406 1.0012451543367764 4.58530260724415e-05 1.0011241633987924 1.0001208550771297
1.1426218333333333 1.0011651684893959 4.58530260724415e-05 1.0010428188115412 1.0001222222222221
1.142937789099526 1.0013092321648094 4.58530260724415e-05 1.0011854922853973 1.0001235933604367
1.1432537448657187 1.00133938985375 4.58530260724415e-05 1.0012142696165343 1.000124968491773
1.1435697006319114 1.001390818855514 4.58530260724415e-05 1.0012643114965394 1.000126347616231
1.1438856563981041 1.0014701511518627 4.58530260724415e-05 1.0013422489716055 1.000127730733811
1.1442016121642968 1.0013407732277297 4.58530260724415e-05 1.0012114989570828 1.0001291178445129
1.1445175679304898 1.0014787873453534 4.58530260724415e-05 1.001348102457583 1.0001305089483365
1.1448335236966825 1.0015545785012647 4.58530260724415e-05 1.001422486824216 1.000131904045282
1.1451494794628752 1.0015567462180879 4.58530260724415e-05 1.0014232533586034 1.0001333031353494
1.1454654352290679 1.0015475822365019 4.58530260724415e-05 1.001412685720412 1.0001347062185386
1.1457813909952606 1.0016850343771355 4.58530260724415e-05 1.0015487102822267 1.0001361132948496
1.1460973467614533 1.0016884460084379 4.58530260724415e-05 1.0015507083839708 1.0001375243642825
1.146413302527646 1.0016593733622492 4.58530260724415e-05 1.0015202227165392 1.0001389394268372
1.1467292582938389 1.001743644323477 4.58530260724415e-05 1.0016030608377766 1.000140358482514
1.1470452140600316 1.0017886793409607 4.58530260724415e-05 1.0016466643430564 1.0001417815313123
1.1473611698262243 1.001768466828627 4.58530260724415e-05 1.0016250255378056 1.0001432085732327
1.147677125592417 1.0018146456693553 4.58530260724415e-05 1.0016697645469905 1.0001446396082747
1.1479930813586097 1.00178269734859 4.58530260724415e-05 1.0016363836780002 1.0001460746364388
1.1483090371248026 1.0017621634442608 4.58530260724415e-05 1.0016144116387704 1.0001475136577245
1.1486249928909953 1.0017283017947753 4.58530260724415e-05 1.001579109903687 1.0001489566721322
1.148940948657188 1.0017787198520023 4.58530260724415e-05 1.0016280713044257 1.0001504036796618
1.1492569044233807 1.0017927627668959 4.58530260724415e-05 1.0016406589448432 1.0001518546803132
1.1495728601895734 1.0018252139861665 4.58530260724415e-05 1.0016716480322652 1.0001533096740864
1.149888815955766 1.001780969043895 4.58530260724415e-05 1.0016259487370047 1.0001547686609815
1.1502047717219588 1.0018084285806241 4.58530260724415e-05 1.0016519388545075 1.0001562316409984
1.1505207274881517 1.001744421475034 4.58530260724415e-05 1.0015864726763544 1.0001576986141372
1.1508366832543444 1.0017539785071434 4.58530260724415e-05 1.001594555122076 1.0001591695803977
1.151152639020537 1.0017860228306157 4.58530260724415e-05 1.0016251172246269 1.0001606445397802
1.1514685947867298 1.001743938662703 4.58530260724415e-05 1.0015815587625885 1.0001621234922846
1.1517845505529225 1.0018311443791568 4.58530260724415e-05 1.0016672651659313 1.0001636064379107
1.1521005063191152 1.0018159936739854 4.58530260724415e-05 1.0016506277896113 1.0001650933766586
1.152416462085308 1.0018087845086765 4.58530260724415e-05 1.001641926680927 1.0001665843085286
1.1527324178515008 1.0018127620235606 4.58530260724415e-05 1.001644406399473 1.0001680792335204
1.1530483736176935 1.0018911448408154 4.58530260724415e-05 1.0017212747985829 1.0001695781516338
1.1533643293838862 1.0017781980641618 4.58530260724415e-05 1.001606842101038 1.0001710810628692
1.153680285150079 1.00169998673 4.58530260724415e-05 1.001527135197614 1.0001725879672265
1.1539962409162716 1.001811337207485 4.58530260724415e-05 1.0016369533510594 1.0001740988647057
1.1543121966824643 1.001801130460912 4.58530260724415e-05 1.001625231292635 1.0001756137553064
1.154628152448657 1.001780975162515 4.58530260724415e-05 1.0016035584809404 1.0001771326390292
1.15494410821485 1.0017610807284214 4.58530260724415e-05 1.0015821425540534 1.0001786555158738
1.1552600639810426 1.0017870950309007 4.58530260724415e-05 1.0016066231598661 1.0001801823858405
1.1555760197472353 1.0018168229171511 4.58530260724415e-05 1.0016348126011132 1.0001817132489288
1.155891975513428 1.0017867201534065 4.58530260724415e-05 1.0016031782688877 1.000183248105139
1.1562079312796207 1.0019216962358866 4.58530260724415e-05 1.0017365883825373 1.0001847869544709
1.1565238870458137 1.0017682885959716 4.58530260724415e-05 1.0015816640878983 1.000186329796925
1.1568398428120064 1.0017772504057747 4.58530260724415e-05 1.0015890752231724 1.0001878766325005
1.157155798578199 1.0017099531647364 4.58530260724415e-05 1.001520237728765 1.000189427461198
1.1574717543443918 1.0018277397436035 4.58530260724415e-05 1.0016364449285975 1.0001909822830175
1.1577877101105845 1.0017250269886322 4.58530260724415e-05 1.001532190880959 1.0001925410979589
1.1581036658767772 1.001794063518623 4.58530260724415e-05 1.0015996491144599 1.0001941039060218
1.1584196216429699 1.0018074658513993 4.58530260724415e-05 1.0016114798247955 1.0001956707072068
1.1587355774091628 1.0017888676598443 4.58530260724415e-05 1.001591312285506 1.0001972415015137
1.1590515331753555 1.0019024781759323 4.58530260724415e-05 1.0017033232385848 1.0001988162889424
1.1593674889415482 1.0018696512702283 4.58530260724415e-05 1.001668921757044 1.0002003950694929
1.1596834447077409 1.001885865062843 4.58530260724415e-05 1.0016835471804495 1.0002019778431652
1.1599994004739336 1.0017862208020467 4.58530260724415e-05 1.0015823340848664 1.0002035646099594
1.1603153562401263 1.001879778761092 4.58530260724415e-05 1.0016742799037037 1.0002051553698754
1.160631312006319 1.001852098514073 4.58530260724415e-05 1.0016450082854946 1.0002067501229133
1.160947267772512 1.0018660652073519 4.58530260724415e-05 1.0016573710269 1.000208348869073
1.1612632235387046 1.0018792391067042 4.58530260724415e-05 1.0016689371023206 1.0002099516083547
1.1615791793048973 1.001791691618178 4.58530260724415e-05 1.0015797990577524 1.000211558340758
1.16189513507109 1.0018152571493684 4.58530260724415e-05 1.0016017466402491 1.0002131690662834
1.1622110908372827 1.0018756301395961 4.58530260724415e-05 1.0016604897084014 1.0002147837849305
1.1625270466034754 1.0017156298458214 4.58530260724415e-05 1.001498902982774 1.0002164024966995
1.162843002369668 1.0019081894289805 4.58530260724415e-05 1.0016897958093183 1.0002180252015902
1.163158958135861 1.0018655151364606 4.58530260724415e-05 1.0016455017992616 1.000219651899603
1.1634749139020537 1.0018394177153294 4.58530260724415e-05 1.0016177771386754 1.0002212825907375
1.1637908696682464 1.001852997997838 4.58530260724415e-05 1.0016297174306754 1.000222917274994
1.164106825434439 1.0017970234026288 4.58530260724415e-05 1.0015721144226053 1.0002245559523721
1.1644227812006318 1.0018295888209812 4.58530260724415e-05 1.0016030275954744 1.0002261986228722
1.1647387369668245 1.0018974839303094 4.58530260724415e-05 1.0016692583111773 1.000227845286494
1.1650546927330174 1.001907939519566 4.58530260724415e-05 1.001678058468717 1.0002294959432378
1.1653706484992101 1.0019734566908065 4.58530260724415e-05 1.0017419034556863 1.0002311505931034
1.1656866042654028 1.0018478019807435 4.58530260724415e-05 1.001614616846938 1.0002328092360908
1.1660025600315955 1.0018223869716818 4.58530260724415e-05 1.001587542865334 1.0002344718722
1.1663185157977882 1.001830408107026 4.58530260724415e-05 1.0015938932260369 1.0002361385014313
1.166634471563981 1.0018087075185254 4.58530260724415e-05 1.0015705249095885 1.0002378091237842
