sim_data/sim_data_kelt9.ecsv
# %ECSV 1.0
# ---
# datatype:
# - {name: Time (days), datatype: float64}
# - {name: Flux, datatype: float64}
# - {name: Flux err, datatype: float64}
# - {name: Flux before Baseline, datatype: float64}
# - {name: Baseline, datatype: float64}
# meta:
#   Amplitude: 0
#   M_planet: 0.002739249094045942
#   M_planet_units: Msun
#   M_star: 2.52
#   M_star_units: Msun
#   Period: 1.481109
#   Period_units: days
#   R_star: 2.362
#   baseline_c: 0.0
#   inc: 86.79
#   inc_units: deg
#   prot_star: 1.0
#   rp: 0.1939655172413793
#   rp_units: Rsun
#   t0: 0.0
#   y_input: [-1.64769111e-04, 6.11359401e-01,  1.24925532e-01,
#             1.24091290e-03,  -3.94586494e-03,  1.56484383e-01,  5.04491037e-02,
#            -2.45199257e-02,  -2.32470623e-03, -6.31926529e-04, -5.40588803e-03,
#            -2.29427677e-02,   8.73602114e-03, -2.34837357e-02,  7.84512147e-03]
# schema: astropy-2.0
"Time (days)" Flux "Flux err" "Flux before Baseline" Baseline
0.31674808762868245 1.0013885100822513 1.950011141182539e-05 1.0013885100822513 0.0
0.3193736057521217 1.0013176579827863 1.950011141182539e-05 1.0013176579827863 0.0
0.32199912387556107 1.0013727330159672 1.950011141182539e-05 1.0013727330159672 0.0
0.3246246419990003 1.0014333877194155 1.950011141182539e-05 1.0014333877194155 0.0
0.3272501601224397 1.0014103480032777 1.950011141182539e-05 1.0014103480032777 0.0
0.32987567824587893 1.0013874057218957 1.950011141182539e-05 1.0013874057218957 0.0
0.33250119636931824 1.0014546770191646 1.950011141182539e-05 1.0014546770191646 0.0
0.33512671449275755 1.0014218651866504 1.950011141182539e-05 1.0014218651866504 0.0
0.3377522326161968 1.0014432106419817 1.950011141182539e-05 1.0014432106419817 0.0
0.34037775073963616 1.0014889799921591 1.950011141182539e-05 1.0014889799921591 0.0
0.3430032688630754 1.0014707437034363 1.950011141182539e-05 1.0014707437034363 0.0
0.3456287869865148 1.0014950976981631 1.950011141182539e-05 1.0014950976981631 0.0
0.34825430510995403 1.0015053014984932 1.950011141182539e-05 1.0015053014984932 0.0
0.3508798232333934 1.0015464614866192 1.950011141182539e-05 1.0015464614866192 0.0
0.35350534135683265 1.0015301523568296 1.950011141182539e-05 1.0015301523568296 0.0
0.356130859480272 1.001598720886459 1.950011141182539e-05 1.001598720886459 0.0
0.35875637760371126 1.0015618152351122 1.950011141182539e-05 1.0015618152351122 0.0
0.36138189572715057 1.0015821862846215 1.950011141182539e-05 1.0015821862846215 0.0
0.3640074138505899 1.0015935525589634 1.950011141182539e-05 1.0015935525589634 0.0
0.36663293197402913 1.0016056178234929 1.950011141182539e-05 1.0016056178234929 0.0
0.3692584500974685 1.0016432487615112 1.950011141182539e-05 1.0016432487615112 0.0
0.37188396822090775 1.001656107072499 1.950011141182539e-05 1.001656107072499 0.0
0.3745094863443471 1.0016734496117652 1.950011141182539e-05 1.0016734496117652 0.0
0.37713500446778636 1.0016752086544194 1.950011141182539e-05 1.0016752086544194 0.0
0.3797605225912257 1.0017016554769351 1.950011141182539e-05 1.0017016554769351 0.0
0.382386040714665 1.0017280299248728 1.950011141182539e-05 1.0017280299248728 0.0
0.38501155883810434 1.0017600300300806 1.950011141182539e-05 1.0017600300300806 0.0
0.3876370769615436 1.00171708852572 1.950011141182539e-05 1.00171708852572 0.0
0.3902625950849829 1.001757390554672 1.950011141182539e-05 1.001757390554672 0.0
0.3928881132084222 1.0018120361876932 1.950011141182539e-05 1.0018120361876932 0.0
0.3955136313318615 1.0018474280938172 1.950011141182539e-05 1.0018474280938172 0.0
0.3981391494553008 1.0018198317959708 1.950011141182539e-05 1.0018198317959708 0.0
0.4007646675787401 1.0018341713969496 1.950011141182539e-05 1.0018341713969496 0.0
0.40339018570217944 1.0018658100916618 1.950011141182539e-05 1.0018658100916618 0.0
0.4060157038256187 1.0018377867852835 1.950011141182539e-05 1.0018377867852835 0.0
0.40864122194905805 1.0019063672993431 1.950011141182539e-05 1.0019063672993431 0.0
0.4112667400724973 1.0019139486651685 1.950011141182539e-05 1.0019139486651685 0.0
0.41389225819593667 1.0019409776532742 1.950011141182539e-05 1.0019409776532742 0.0
0.4165177763193759 1.0019308195317622 1.950011141182539e-05 1.0019308195317622 0.0
0.41914329444281523 1.0019374924398916 1.950011141182539e-05 1.0019374924398916 0.0
0.42176881256625454 1.0019510288704 1.950011141182539e-05 1.0019510288704 0.0
0.42439433068969384 1.0019438478118554 1.950011141182539e-05 1.0019438478118554 0.0
0.42701984881313315 1.0019919444330554 1.950011141182539e-05 1.0019919444330554 0.0
0.4296453669365724 1.002027665707264 1.950011141182539e-05 1.002027665707264 0.0
0.43227088506001177 1.002022658875042 1.950011141182539e-05 1.002022658875042 0.0
0.434896403183451 1.0020058932161449 1.950011141182539e-05 1.0020058932161449 0.0
0.4375219213068904 1.002055438749723 1.950011141182539e-05 1.002055438749723 0.0
0.44014743943032963 1.0020697006775925 1.950011141182539e-05 1.0020697006775925 0.0
0.442772957553769 1.0020776512594438 1.950011141182539e-05 1.0020776512594438 0.0
0.44539847567720825 1.0021056892682028 1.950011141182539e-05 1.0021056892682028 0.0
0.44802399380064756 1.0021152513592626 1.950011141182539e-05 1.0021152513592626 0.0
0.45064951192408687 1.0021262600745016 1.950011141182539e-05 1.0021262600745016 0.0
0.4532750300475262 1.002140370133978 1.950011141182539e-05 1.002140370133978 0.0
0.4559005481709655 1.0021834123012328 1.950011141182539e-05 1.0021834123012328 0.0
0.4585260662944048 1.0021509132957056 1.950011141182539e-05 1.0021509132957056 0.0
0.4611515844178441 1.002198671568435 1.950011141182539e-05 1.002198671568435 0.0
0.46377710254128335 1.0022023603132382 1.950011141182539e-05 1.0022023603132382 0.0
0.4664026206647227 1.0021943736523593 1.950011141182539e-05 1.0021943736523593 0.0
0.46902813878816196 1.0022140200324015 1.950011141182539e-05 1.0022140200324015 0.0
0.4716536569116013 1.002232491207645 1.950011141182539e-05 1.002232491207645 0.0
0.4742791750350406 1.002265853400982 1.950011141182539e-05 1.002265853400982 0.0
0.4769046931584799 1.0023051882993692 1.950011141182539e-05 1.0023051882993692 0.0
0.4795302112819192 1.0022926137567438 1.950011141182539e-05 1.0022926137567438 0.0
0.4821557294053585 1.0022781188580299 1.950011141182539e-05 1.0022781188580299 0.0
0.4847812475287978 1.002338340234105 1.950011141182539e-05 1.002338340234105 0.0
0.4874067656522371 1.0023460999585336 1.950011141182539e-05 1.0023460999585336 0.0
0.4900322837756764 1.0023771750923909 1.950011141182539e-05 1.0023771750923909 0.0
0.4926578018991157 1.0023581899597194 1.950011141182539e-05 1.0023581899597194 0.0
0.49528332002255504 1.00232663736961 1.950011141182539e-05 1.00232663736961 0.0
0.4979088381459943 1.0023910956510496 1.950011141182539e-05 1.0023910956510496 0.0
0.5005343562694337 1.0023988604473877 1.950011141182539e-05 1.0023988604473877 0.0
0.5031598743928729 1.0024131340417113 1.950011141182539e-05 1.0024131340417113 0.0
0.5057853925163123 1.002438406100948 1.950011141182539e-05 1.002438406100948 0.0
0.5084109106397515 1.002459264107115 1.950011141182539e-05 1.002459264107115 0.0
0.5110364287631908 1.002457973945865 1.950011141182539e-05 1.002457973945865 0.0
0.5136619468866301 1.0024572271367118 1.950011141182539e-05 1.0024572271367118 0.0
0.5162874650100695 1.0025184661261204 1.950011141182539e-05 1.0025184661261204 0.0
0.5189129831335088 1.002506089531493 1.950011141182539e-05 1.002506089531493 0.0
0.521538501256948 1.0024833907411392 1.950011141182539e-05 1.0024833907411392 0.0
0.5241640193803874 1.002538617955175 1.950011141182539e-05 1.002538617955175 0.0
0.5267895375038266 1.002557806134401 1.950011141182539e-05 1.002557806134401 0.0
0.529415055627266 1.0025588135224413 1.950011141182539e-05 1.0025588135224413 0.0
0.5320405737507052 1.002533712162592 1.950011141182539e-05 1.002533712162592 0.0
0.5346660918741446 1.0026071031001922 1.950011141182539e-05 1.0026071031001922 0.0
0.5372916099975839 1.00259881251032 1.950011141182539e-05 1.00259881251032 0.0
0.5399171281210231 1.0025833964084634 1.950011141182539e-05 1.0025833964084634 0.0
0.5425426462444625 1.0026073624714475 1.950011141182539e-05 1.0026073624714475 0.0
0.5451681643679018 1.0026339307257632 1.950011141182539e-05 1.0026339307257632 0.0
0.5477936824913411 1.0026472220147593 1.950011141182539e-05 1.0026472220147593 0.0
0.5504192006147803 1.0026509437330522 1.950011141182539e-05 1.0026509437330522 0.0
0.5530447187382197 1.0026681628212029 1.950011141182539e-05 1.0026681628212029 0.0
0.555670236861659 1.0026872650090752 1.950011141182539e-05 1.0026872650090752 0.0
0.5582957549850983 1.0026799011919914 1.950011141182539e-05 1.0026799011919914 0.0
0.5609212731085376 1.0026791990451434 1.950011141182539e-05 1.0026791990451434 0.0
0.5635467912319769 1.0027176988166069 1.950011141182539e-05 1.0027176988166069 0.0
0.5661723093554162 1.0027055094829638 1.950011141182539e-05 1.0027055094829638 0.0
0.5687978274788555 1.002748772321265 1.950011141182539e-05 1.002748772321265 0.0
0.5714233456022948 1.0027236699219044 1.950011141182539e-05 1.0027236699219044 0.0
0.5740488637257342 1.0027602178925086 1.950011141182539e-05 1.0027602178925086 0.0
0.5766743818491734 1.0027586588693376 1.950011141182539e-05 1.0027586588693376 0.0
0.5792998999726127 1.0027691511004693 1.950011141182539e-05 1.0027691511004693 0.0
0.581925418096052 1.0027891971227734 1.950011141182539e-05 1.0027891971227734 0.0
0.5845509362194913 1.0028082357740498 1.950011141182539e-05 1.0028082357740498 0.0
0.5871764543429306 1.002806694911947 1.950011141182539e-05 1.002806694911947 0.0
0.5898019724663699 1.002828791801525 1.950011141182539e-05 1.002828791801525 0.0
0.5924274905898093 1.002801138816514 1.950011141182539e-05 1.002801138816514 0.0
0.5950530087132485 1.0028822520914005 1.950011141182539e-05 1.0028822520914005 0.0
0.5976785268366879 1.0028265594600405 1.950011141182539e-05 1.0028265594600405 0.0
0.6003040449601271 1.0028591625796794 1.950011141182539e-05 1.0028591625796794 0.0
0.6029295630835665 1.0028703325050987 1.950011141182539e-05 1.0028703325050987 0.0
0.6055550812070057 1.0028704016113434 1.950011141182539e-05 1.0028704016113434 0.0
0.608180599330445 1.0029126165931643 1.950011141182539e-05 1.0029126165931643 0.0
0.6108061174538844 1.0029087178334604 1.950011141182539e-05 1.0029087178334604 0.0
0.6134316355773236 1.0029019641921617 1.950011141182539e-05 1.0029019641921617 0.0
0.616057153700763 1.0029076611731151 1.950011141182539e-05 1.0029076611731151 0.0
0.6186826718242022 1.0029256055846498 1.950011141182539e-05 1.0029256055846498 0.0
0.6213081899476416 1.0029045358682342 1.950011141182539e-05 1.0029045358682342 0.0
0.6239337080710808 1.0029301134014088 1.950011141182539e-05 1.0029301134014088 0.0
0.6265592261945202 1.0029355009182825 1.950011141182539e-05 1.0029355009182825 0.0
0.6291847443179595 1.0029368371182061 1.950011141182539e-05 1.0029368371182061 0.0
0.6318102624413988 1.0029356509808818 1.950011141182539e-05 1.0029356509808818 0.0
0.6344357805648381 1.00294139829416 1.950011141182539e-05 1.00294139829416 0.0
0.6370612986882773 1.0029889907052094 1.950011141182539e-05 1.0029889907052094 0.0
0.6396868168117167 1.0029518450659092 1.950011141182539e-05 1.0029518450659092 0.0
0.6423123349351559 1.0029568185973017 1.950011141182539e-05 1.0029568185973017 0.0
0.6449378530585953 1.0029542823191069 1.950011141182539e-05 1.0029542823191069 0.0
0.6475633711820346 1.0030037953836188 1.950011141182539e-05 1.0030037953836188 0.0
0.6501888893054739 1.0029823071334818 1.950011141182539e-05 1.0029823071334818 0.0
0.6528144074289132 1.0030115167935945 1.950011141182539e-05 1.0030115167935945 0.0
0.6554399255523525 1.0029477210991582 1.950011141182539e-05 1.0029477210991582 0.0
0.6580654436757918 1.0029930125864133 1.950011141182539e-05 1.0029930125864133 0.0
0.6606909617992311 1.0027041513196393 1.950011141182539e-05 1.0027041513196393 0.0
0.6633164799226704 1.002012485761722 1.950011141182539e-05 1.002012485761722 0.0
0.6659419980461097 1.0011314127550552 1.950011141182539e-05 1.0011314127550552 0.0
0.668567516169549 1.0003699489116387 1.950011141182539e-05 1.0003699489116387 0.0
0.6711930342929883 1.0000148442493653 1.950011141182539e-05 1.0000148442493653 0.0
0.6738185524164276 1.000000569134813 1.950011141182539e-05 1.000000569134813 0.0
0.6764440705398669 1.0000215019064234 1.950011141182539e-05 1.0000215019064234 0.0
0.6790695886633062 1.0000309383772 1.950011141182539e-05 1.0000309383772 0.0
0.6816951067867455 0.9999968619199138 1.950011141182539e-05 0.9999968619199138 0.0
0.6843206249101849 1.000016212359408 1.950011141182539e-05 1.000016212359408 0.0
0.6869461430336241 1.0000094711831728 1.950011141182539e-05 1.0000094711831728 0.0
0.6895716611570635 0.9999715281755388 1.950011141182539e-05 0.9999715281755388 0.0
0.6921971792805027 1.0000041210756905 1.950011141182539e-05 1.0000041210756905 0.0
0.6948226974039421 1.0000268472553286 1.950011141182539e-05 1.0000268472553286 0.0
0.6974482155273813 0.9999843302236419 1.950011141182539e-05 0.9999843302236419 0.0
0.7000737336508206 1.000001755325721 1.950011141182539e-05 1.000001755325721 0.0
0.70269925177426 1.0000050642580227 1.950011141182539e-05 1.0000050642580227 0.0
0.7053247698976992 0.9999921010778312 1.950011141182539e-05 0.9999921010778312 0.0
0.7079502880211386 0.9999936316865933 1.950011141182539e-05 0.9999936316865933 0.0
0.7105758061445778 1.0000143284530187 1.950011141182539e-05 1.0000143284530187 0.0
0.7132013242680172 1.0000009114212935 1.950011141182539e-05 1.0000009114212935 0.0
0.7158268423914564 1.0000032485155497 1.950011141182539e-05 1.0000032485155497 0.0
0.7184523605148958 1.0000160028380045 1.950011141182539e-05 1.0000160028380045 0.0
0.7210778786383351 1.0000012400098282 1.950011141182539e-05 1.0000012400098282 0.0
0.7237033967617744 1.0000170581627252 1.950011141182539e-05 1.0000170581627252 0.0
0.7263289148852137 1.000006803851563 1.950011141182539e-05 1.000006803851563 0.0
0.728954433008653 1.0000321703648358 1.950011141182539e-05 1.0000321703648358 0.0
0.7315799511320923 1.0000090855598496 1.950011141182539e-05 1.0000090855598496 0.0
0.7342054692555315 0.9999866424611047 1.950011141182539e-05 0.9999866424611047 0.0
0.7368309873789709 0.9999976587045548 1.950011141182539e-05 0.9999976587045548 0.0
0.7394565055024102 0.9999945567470567 1.950011141182539e-05 0.9999945567470567 0.0
0.7420820236258495 0.9999755972716328 1.950011141182539e-05 0.9999755972716328 0.0
0.7447075417492888 1.000012507131662 1.950011141182539e-05 1.000012507131662 0.0
0.7473330598727281 0.9999666351850546 1.950011141182539e-05 0.9999666351850546 0.0
0.7499585779961674 0.9999828276416974 1.950011141182539e-05 0.9999828276416974 0.0
0.7525840961196067 1.000012999194751 1.950011141182539e-05 1.000012999194751 0.0
0.755209614243046 1.0000238812631959 1.950011141182539e-05 1.0000238812631959 0.0
0.7578351323664854 0.9999822841178391 1.950011141182539e-05 0.9999822841178391 0.0
0.7604606504899246 1.0000145273265209 1.950011141182539e-05 1.0000145273265209 0.0
0.7630861686133639 1.000000652894589 1.950011141182539e-05 1.000000652894589 0.0
0.7657116867368032 1.0000120913415276 1.950011141182539e-05 1.0000120913415276 0.0
0.7683372048602425 1.0000321794660976 1.950011141182539e-05 1.0000321794660976 0.0
0.7709627229836818 0.9999538327416698 1.950011141182539e-05 0.9999538327416698 0.0
0.7735882411071211 1.0000133052240514 1.950011141182539e-05 1.0000133052240514 0.0
0.7762137592305605 0.9999798851964138 1.950011141182539e-05 0.9999798851964138 0.0
0.7788392773539997 0.9999993263594326 1.950011141182539e-05 0.9999993263594326 0.0
0.7814647954774391 0.999962925584556 1.950011141182539e-05 0.999962925584556 0.0
0.7840903136008783 1.0000072834151317 1.950011141182539e-05 1.0000072834151317 0.0
0.7867158317243177 1.0000320493443942 1.950011141182539e-05 1.0000320493443942 0.0
0.789341349847757 1.00000905145423 1.950011141182539e-05 1.00000905145423 0.0
0.7919668679711962 0.9999879061168866 1.950011141182539e-05 0.9999879061168866 0.0
0.7945923860946356 1.0000185624439388 1.950011141182539e-05 1.0000185624439388 0.0
0.7972179042180748 1.000002288726204 1.950011141182539e-05 1.000002288726204 0.0
0.7998434223415142 1.0000053998610776 1.950011141182539e-05 1.0000053998610776 0.0
0.8024689404649534 1.0000191010475543 1.950011141182539e-05 1.0000191010475543 0.0
0.8050944585883928 0.9999915004200484 1.950011141182539e-05 0.9999915004200484 0.0
0.807719976711832 0.9999791074884756 1.950011141182539e-05 0.9999791074884756 0.0
0.8103454948352714 1.000077772436278 1.950011141182539e-05 1.000077772436278 0.0
0.8129710129587107 1.0005494009911045 1.950011141182539e-05 1.0005494009911045 0.0
0.81559653108215 1.0012683488421892 1.950011141182539e-05 1.0012683488421892 0.0
0.8182220492055893 1.0020818245367098 1.950011141182539e-05 1.0020818245367098 0.0
0.8208475673290285 1.002698614401753 1.950011141182539e-05 1.002698614401753 0.0
