sim_data/sim_data_cubic_baseline_hd189_ncF444W.ecsv
# %ECSV 0.9
# ---
# datatype:
# - {name: Time (days), datatype: float64}
# - {name: Flux, datatype: float64}
# - {name: Flux err, datatype: float64}
# - {name: Flux before Baseline, datatype: float64}
# - {name: Baseline, datatype: float64}
# meta:
#   Amplitude: 0.0014619
#   M_planet: 0.0011130568768082329
#   M_planet_units: Msun
#   M_star: 0.812
#   M_star_units: Msun
#   Period: 2.218577
#   Period_units: days
#   R_star: 0.765
#   b_impact: !astropy.units.Quantity
#     unit: !astropy.units.Unit {unit: ''}
#     value: 0.6560793167814927
#   baseline_c: [0.0002, 0.0002, 0.0003, 1.0]
#   dur_14: 0.07681051894288836
#   dur_23: 0.043817925785034365
#   inc: 85.69
#   inc_units: deg
#   prot_star: 1.0
#   rp: 0.115056
#   rp_units: Rsun
#   t0: 0.0
#   y_input: [0.212587193559822, 0.1875962015746607, 0.10421312437579247, 0.1048652652063154, 0.07396204094643963, -0.10988426114539027,
#     -0.0061783184460587155, -0.06551775984748415, 0.12105423789196276, 0.15378327548573822, -0.04586185856263464, 0.05546885463911624,
#     0.12380765335963172, 0.04624802712083938, -0.10450553441687424]
# schema: astropy-2.0
"Time (days)" Flux "Flux err" "Flux before Baseline" Baseline
1.0092884999999998 1.0015102104426206 4.58530260724415e-05 1.001810753668721 0.9997
1.0096044557661925 1.0014491612153535 4.58530260724415e-05 1.0017481071008132 0.9997015757920173
1.0099204115323852 1.0014771456313172 4.58530260724415e-05 1.0017745287758375 0.9997031436356405
1.010236367298578 1.001536456750621 4.58530260724415e-05 1.0018322942518558 0.999704703568719
1.0105523230647708 1.0015207898506653 4.58530260724415e-05 1.001815067387391 0.9997062556291022
1.0108682788309635 1.0013918222226614 4.58530260724415e-05 1.0016845145834279 0.9997077998546398
1.0111842345971562 1.001481602534701 4.58530260724415e-05 1.0017727815347899 0.9997093362831811
1.011500190363349 1.0014325351525672 4.58530260724415e-05 1.0017221681391582 0.9997108649525758
1.0118161461295416 1.001436156470421 4.58530260724415e-05 1.0017242664931023 0.9997123859006731
1.0121321018957343 1.0014611166255727 4.58530260724415e-05 1.0017477174836806 0.9997138991653228
1.0124480576619272 1.0014502967910077 4.58530260724415e-05 1.0017353858891547 0.9997154047843743
1.01276401342812 1.0015117490338379 4.58530260724415e-05 1.001795354498 0.9997169027956769
1.0130799691943126 1.0014813546223902 4.58530260724415e-05 1.001763457987005 0.9997183932370804
1.0133959249605053 1.0014534219683822 4.58530260724415e-05 1.0017340315655525 0.9997198761464341
1.013711880726698 1.0014695593004683 4.58530260724415e-05 1.0017486950100145 0.9997213515615876
1.0140278364928907 1.0014658687487157 4.58530260724415e-05 1.0017435325015003 0.9997228195203903
1.0143437922590834 1.0015204150972896 4.58530260724415e-05 1.0017966304034236 0.9997242800606918
1.0146597480252764 1.0014438667732721 4.58530260724415e-05 1.0017186049091646 0.9997257332203415
1.014975703791469 1.0014689603775335 4.58530260724415e-05 1.0017422566644851 0.999727179037189
1.0152916595576618 1.0014167873476068 4.58530260724415e-05 1.0016886280625454 0.9997286175490837
1.0156076153238545 1.0013402318548537 4.58530260724415e-05 1.0016106178492095 0.9997300487938752
1.0159235710900472 1.0014885404790526 4.58530260724415e-05 1.0017575396168155 0.9997314728094128
1.0162395268562399 1.0014995127821498 4.58530260724415e-05 1.0017670951580389 0.9997328896335462
1.0165554826224328 1.0014271657831886 4.58530260724415e-05 1.0016933163944082 0.9997342993041248
1.0168714383886255 1.0015665284833308 4.58530260724415e-05 1.0018313106363295 0.9997357018589981
1.0171873941548182 1.001397097713991 4.58530260724415e-05 1.0016604369112627 0.9997370973360157
1.0175033499210109 1.0014671440393808 4.58530260724415e-05 1.0017291104533375 0.9997384857730269
1.0178193056872036 1.0014577377149174 4.58530260724415e-05 1.0017183174977646 0.9997398672078813
1.0181352614533963 1.0015378476858636 4.58530260724415e-05 1.0017970710145145 0.9997412416784285
1.018451217219589 1.001536198299924 4.58530260724415e-05 1.001794050849549 0.9997426092225179
1.018767172985782 1.0014771948217809 4.58530260724415e-05 1.0017336688152203 0.9997439698779989
1.0190831287519746 1.0014886710355302 4.58530260724415e-05 1.001743791455195 0.9997453236827212
1.0193990845181673 1.001431874952752 4.58530260724415e-05 1.0016856312980578 0.999746670674534
1.01971504028436 1.0013829994883576 4.58530260724415e-05 1.0016354007002353 0.9997480108912872
1.0200309960505527 1.001459076197852 4.58530260724415e-05 1.0017101604883751 0.99974934437083
1.0203469518167454 1.0014834083591857 4.58530260724415e-05 1.0017331693372897 0.9997506711510119
1.0206629075829383 1.0015338488590926 4.58530260724415e-05 1.0017822996152748 0.9997519912696825
1.020978863349131 1.0015337718935453 4.58530260724415e-05 1.0017809064699947 0.9997533047646913
1.0212948191153237 1.0014620926850548 4.58530260724415e-05 1.001707900109916 0.9997546116738878
1.0216107748815164 1.0014671793056726 4.58530260724415e-05 1.0017116850722771 0.9997559120351214
1.0219267306477091 1.0014341520786818 4.58530260724415e-05 1.001677353443983 0.9997572058862417
1.0222426864139018 1.0014182990179805 4.58530260724415e-05 1.0016602067039828 0.9997584932650981
1.0225586421800945 1.0014063456415345 4.58530260724415e-05 1.001646967075962 0.9997597742095402
1.0228745979462874 1.0015751546086757 4.58530260724415e-05 1.0018145394377116 0.9997610487574174
1.0231905537124801 1.001463519497759 4.58530260724415e-05 1.0017016069943259 0.9997623169465792
1.0235065094786728 1.0014679502847068 4.58530260724415e-05 1.0017047745146428 0.9997635788148752
1.0238224652448655 1.0014317447062326 4.58530260724415e-05 1.0016673023982463 0.9997648344001548
1.0241384210110582 1.001525954285054 4.58530260724415e-05 1.0017602823034388 0.9997660837402677
1.024454376777251 1.001417457773673 4.58530260724415e-05 1.00165051493108 0.999767326873063
1.0247703325434439 1.0014828141159848 4.58530260724415e-05 1.0017146471109435 0.9997685638363906
1.0250862883096366 1.0014526339429812 4.58530260724415e-05 1.0016832267626572 0.9997697946680997
1.0254022440758293 1.0015125323767078 4.58530260724415e-05 1.0017419118346744 0.99977101940604
1.025718199842022 1.0014724843942748 4.58530260724415e-05 1.0017006336457848 0.9997722380880608
1.0260341556082146 1.0014428767833434 4.58530260724415e-05 1.0016698043242456 0.9997734507520117
1.0263501113744073 1.0014968010465515 4.58530260724415e-05 1.0017225317705354 0.9997746574357423
1.0266660671406 1.0015188157247603 4.58530260724415e-05 1.0017433483049254 0.9997758581771019
1.026982022906793 1.0015033099075414 4.58530260724415e-05 1.0017266418431963 0.9997770530139402
1.0272979786729857 1.0015152014812367 4.58530260724415e-05 1.0017373447672586 0.9997782419841066
1.0276139344391784 1.0014733248809964 4.58530260724415e-05 1.0016942734697039 0.9997794251254505
1.027929890205371 1.0014868377224435 4.58530260724415e-05 1.0017066096725589 0.9997806024758215
1.0282458459715638 1.0014736961268718 4.58530260724415e-05 1.0016922913556523 0.9997817740730691
1.0285618017377565 1.0014890917423194 4.58530260724415e-05 1.0017065222050632 0.9997829399550427
1.0288777575039494 1.001469342782968 4.58530260724415e-05 1.0016856065455602 0.999784100159592
1.029193713270142 1.001428521059206 4.58530260724415e-05 1.0016436192941176 0.9997852547245664
1.0295096690363348 1.0015168267642816 4.58530260724415e-05 1.0017307927674186 0.9997864036878152
1.0298256248025275 1.0014913019340426 4.58530260724415e-05 1.0017041168914518 0.9997875470871881
1.0301415805687202 1.0014360093945853 4.58530260724415e-05 1.0016476726120538 0.9997886849605346
1.0304575363349129 1.0015329752245072 4.58530260724415e-05 1.0017435243373762 0.9997898173457042
1.0307734921011056 1.0014711770261902 4.58530260724415e-05 1.001680584081358 0.9997909442805463
1.0310894478672985 1.0015161574829432 4.58530260724415e-05 1.0017244502522114 0.9997920658029104
1.0314054036334912 1.0015482001105178 4.58530260724415e-05 1.0017553812043882 0.9997931819506461
1.031721359399684 1.0015216834571903 4.58530260724415e-05 1.0017277461054674 0.9997942927616028
1.0320373151658766 1.00156899364537 4.58530260724415e-05 1.001773958326676 0.9997953982736301
1.0323532709320693 1.0014611339213704 4.58530260724415e-05 1.0016649742215036 0.9997964985245773
1.032669226698262 1.0015371659049461 4.58530260724415e-05 1.0017399245245944 0.9997975935522941
1.0329851824644547 1.001488299583304 4.58530260724415e-05 1.0016899564049608 0.99979868339463
1.0333011382306476 1.0014807407067308 4.58530260724415e-05 1.0016813092690635 0.9997997680894344
1.0336170939968403 1.0014950869304784 4.58530260724415e-05 1.001694576734819 0.9998008476745567
1.033933049763033 1.0015082978898346 4.58530260724415e-05 1.0017067137641165 0.9998019221878466
1.0342490055292257 1.0015261073773327 4.58530260724415e-05 1.0017234552452239 0.9998029916671535
1.0345649612954184 1.001471064055565 4.58530260724415e-05 1.0016673346092002 0.9998040561503269
1.0348809170616111 1.0015667183933041 4.58530260724415e-05 1.0017619460937628 0.9998051156752162
1.035196872827804 1.0015477052338897 4.58530260724415e-05 1.0017418725808938 0.9998061702796711
1.0355128285939967 1.001456860982622 4.58530260724415e-05 1.0016499590601862 0.999807220001541
1.0358287843601894 1.001596443095776 4.58530260724415e-05 1.0017885211394184 0.9998082648786754
1.0361447401263821 1.0016160525226299 4.58530260724415e-05 1.001807092177241 0.9998093049489237
1.0364606958925748 1.0015840938151592 4.58530260724415e-05 1.0017740900384966 0.9998103402501356
1.0367766516587675 1.001522716644234 4.58530260724415e-05 1.0017116686947356 0.9998113708201604
1.0370926074249605 1.0014827840360807 4.58530260724415e-05 1.0016707007682157 0.9998123966968476
1.0374085631911532 1.0015811149361673 4.58530260724415e-05 1.0017680269002605 0.9998134179180469
1.0377245189573459 1.001515188016852 4.58530260724415e-05 1.001701069154956 0.9998144345216077
1.0380404747235386 1.0015906065157785 4.58530260724415e-05 1.0017754876427771 0.9998154465453793
1.0383564304897313 1.0015450002343873 4.58530260724415e-05 1.001728863533115 0.9998164540272114
1.038672386255924 1.0015811088713216 4.58530260724415e-05 1.001763973867441 0.9998174570049535
1.0389883420221167 1.0015535513285025 4.58530260724415e-05 1.001735410866317 0.9998184555164551
1.0393042977883096 1.0015704805354433 4.58530260724415e-05 1.0017513471423056 0.9998194495995656
1.0396202535545023 1.0015394387494165 4.58530260724415e-05 1.0017193081774753 0.9998204392921345
1.039936209320695 1.0016216953317243 4.58530260724415e-05 1.001800592241135 0.9998214246320113
1.0402521650868877 1.0015465012062874 4.58530260724415e-05 1.0017244017932452 0.9998224056570456
1.0405681208530804 1.0015599682327618 4.58530260724415e-05 1.0017368925934675 0.9998233824050868
1.040884076619273 1.0016287237876271 4.58530260724415e-05 1.0018046858578453 0.9998243549139845
1.0412000323854658 1.0014814501480531 4.58530260724415e-05 1.0016564162639217 0.9998253232215881
1.0415159881516587 1.0014858358005976 4.58530260724415e-05 1.0016598367694682 0.9998262873657471
1.0418319439178514 1.0015893621621081 4.58530260724415e-05 1.0017624192403307 0.9998272473843111
1.042147899684044 1.0014919726230327 4.58530260724415e-05 1.001664055187068 0.9998282033151293
1.0424638554502368 1.0016356907024455 4.58530260724415e-05 1.0018068441963364 0.9998291551960515
1.0427798112164295 1.001528448773067 4.58530260724415e-05 1.0016986343009011 0.9998301030649273
1.0430957669826222 1.001513966055725 4.58530260724415e-05 1.0016832034784646 0.9998310469596058
1.043411722748815 1.0016372092423014 4.58530260724415e-05 1.0018055256762983 0.9998319869179367
1.0437276785150078 1.0016177400583108 4.58530260724415e-05 1.0017851153322954 0.9998329229777695
1.0440436342812005 1.0016362942851627 4.58530260724415e-05 1.0018027386238986 0.9998338551769538
1.0443595900473932 1.0015930193064784 4.58530260724415e-05 1.0017585262906046 0.9998347835533389
1.044675545813586 1.0015128000334992 4.58530260724415e-05 1.0016773674665378 0.9998357081447743
1.0449915015797786 1.001640649475929 4.58530260724415e-05 1.001804315259627 0.9998366289891097
1.0453074573459713 1.0015415890803034 4.58530260724415e-05 1.001704319829471 0.9998375461241944
1.0456234131121642 1.0015914554674485 4.58530260724415e-05 1.0017532791049997 0.9998384595878781
1.045939368878357 1.0015988804799782 4.58530260724415e-05 1.0017597937386606 0.99983936941801
1.0462553246445496 1.0015491295321735 4.58530260724415e-05 1.0017091268689076 0.9998402756524398
1.0465712804107423 1.001585168293895 4.58530260724415e-05 1.0017442669922763 0.9998411783290171
1.046887236176935 1.0016000702837362 4.58530260724415e-05 1.0017582704686385 0.9998420774855911
1.0472031919431277 1.0015758205358771 4.58530260724415e-05 1.0017331195221475 0.9998429731600115
1.0475191477093206 1.0015089284286038 4.58530260724415e-05 1.0016653230530412 0.9998438653901277
1.0478351034755133 1.0015737692759257 4.58530260724415e-05 1.001729283526117 0.9998447542137894
1.048151059241706 1.0016216670496008 4.58530260724415e-05 1.0017763015712537 0.9998456396688458
1.0484670150078987 1.0015297723617684 4.58530260724415e-05 1.001683508950557 0.9998465217931465
1.0487829707740914 1.001555509809134 4.58530260724415e-05 1.0017083698807696 0.9998474006245411
1.0490989265402841 1.001543170928666 4.58530260724415e-05 1.0016951519226767 0.999848276200879
1.0494148823064768 1.001648650246217 4.58530260724415e-05 1.0017997731845836 0.9998491485600098
1.0497308380726698 1.001595435195669 4.58530260724415e-05 1.0017456792768098 0.9998500177397829
1.0500467938388625 1.0015840347302425 4.58530260724415e-05 1.0017334094316603 0.9998508837780478
1.0503627496050552 1.0015307942533793 4.58530260724415e-05 1.001679296501952 0.999851746712654
1.0506787053712479 1.001591549201115 4.58530260724415e-05 1.0017391989661453 0.9998526065814509
1.0509946611374406 1.0015366424447711 4.58530260724415e-05 1.0016834257059246 0.9998534634222883
1.0513106169036333 1.0015697457598878 4.58530260724415e-05 1.0017156784315848 0.9998543172730154
1.0516265726698262 1.0015398604468422 4.58530260724415e-05 1.0016849363077667 0.9998551681714818
1.0519425284360189 1.0016007459303404 4.58530260724415e-05 1.0017449810238799 0.999856016155537
1.0522584842022116 1.0015968877076276 4.58530260724415e-05 1.0017402755454405 0.9998568612630305
1.0525744399684043 1.0015616194865022 4.58530260724415e-05 1.0017041584504192 0.9998577035318118
1.052890395734597 1.0015900380506055 4.58530260724415e-05 1.0017317400176233 0.9998585429997303
1.0532063515007897 1.0015224797385465 4.58530260724415e-05 1.0016633339324197 0.9998593797046357
1.0535223072669824 1.0015049312451072 4.58530260724415e-05 1.0016449475018807 0.9998602136843773
1.0538382630331753 1.001594149665159 4.58530260724415e-05 1.0017333455454247 0.9998610449768047
1.054154218799368 1.001582348331937 4.58530260724415e-05 1.0017207123879432 0.9998618736197673
1.0544701745655607 1.00160452014662 4.58530260724415e-05 1.0017420596809072 0.9998626996511147
1.0547861303317534 1.0016853619339692 4.58530260724415e-05 1.00182208749811 0.9998635231086964
1.055102086097946 1.001620097558317 4.58530260724415e-05 1.001755991738717 0.9998643440303618
1.0554180418641388 1.0015356372802577 4.58530260724415e-05 1.0016707000993987 0.9998651624539606
1.0557339976303317 1.0016293875201012 4.58530260724415e-05 1.0017636454693162 0.999865978417342
1.0560499533965244 1.0015185314584722 4.58530260724415e-05 1.0016519595544138 0.9998667919583557
1.056365909162717 1.001558382937799 4.58530260724415e-05 1.0016910037065714 0.9998676031148511
1.0566818649289098 1.0015770974596347 4.58530260724415e-05 1.0017089104071883 0.9998684119246778
1.0569978206951025 1.0016594563061967 4.58530260724415e-05 1.0017904720412638 0.9998692184256851
1.0573137764612952 1.0015474359014616 4.58530260724415e-05 1.0016776312997997 0.9998700226557228
1.057629732227488 1.001544364636067 4.58530260724415e-05 1.0016737561914644 0.9998708246526401
1.0579456879936808 1.0015784120748665 4.58530260724415e-05 1.001707006758504 0.9998716244542867
1.0582616437598735 1.001553176335151 4.58530260724415e-05 1.0016809686910972 0.9998724220985119
1.0585775995260662 1.0016359149024132 4.58530260724415e-05 1.0017629207865353 0.9998732176231654
1.058893555292259 1.0015354145243693 4.58530260724415e-05 1.0016616128030984 0.9998740110660966
1.0592095110584516 1.0015329805391653 4.58530260724415e-05 1.0016583856998116 0.999874802465155
1.0595254668246443 1.001566176293412 4.58530260724415e-05 1.0016907947838591 0.9998755918581902
1.0598414225908372 1.0015640739029519 4.58530260724415e-05 1.0016879032797141 0.9998763792830514
1.06015737835703 1.001676027530919 4.58530260724415e-05 1.0017990837441826 0.9998771647775885
1.0604733341232226 1.0016317461324549 4.58530260724415e-05 1.0017540118327906 0.9998779483796506
1.0607892898894153 1.0015928837563322 4.58530260724415e-05 1.0017143615296495 0.9998787301270875
1.061105245655608 1.0015333367717623 4.58530260724415e-05 1.0016540260075117 0.9998795100577486
1.0614212014218007 1.0016288801528686 4.58530260724415e-05 1.0017488012955196 0.9998802882094834
