sim_data/sim_data_cubic_baseline_hd189_ncF444W.ecsv
# %ECSV 0.9
# ---
# datatype:
# - {name: Time (days), datatype: float64}
# - {name: Flux, datatype: float64}
# - {name: Flux err, datatype: float64}
# - {name: Flux before Baseline, datatype: float64}
# - {name: Baseline, datatype: float64}
# meta:
#   Amplitude: 0.0014619
#   M_planet: 0.0011130568768082329
#   M_planet_units: Msun
#   M_star: 0.812
#   M_star_units: Msun
#   Period: 2.218577
#   Period_units: days
#   R_star: 0.765
#   b_impact: !astropy.units.Quantity
#     unit: !astropy.units.Unit {unit: ''}
#     value: 0.6560793167814927
#   baseline_c: [0.0002, 0.0002, 0.0003, 1.0]
#   dur_14: 0.07681051894288836
#   dur_23: 0.043817925785034365
#   inc: 85.69
#   inc_units: deg
#   prot_star: 1.0
#   rp: 0.115056
#   rp_units: Rsun
#   t0: 0.0
#   y_input: [0.212587193559822, 0.1875962015746607, 0.10421312437579247, 0.1048652652063154, 0.07396204094643963, -0.10988426114539027,
#     -0.0061783184460587155, -0.06551775984748415, 0.12105423789196276, 0.15378327548573822, -0.04586185856263464, 0.05546885463911624,
#     0.12380765335963172, 0.04624802712083938, -0.10450553441687424]
# schema: astropy-2.0
"Time (days)" Flux "Flux err" "Flux before Baseline" Baseline
[from data line 500]
1.1672663830963665 1.0019576874606129 4.58530260724415e-05 1.00167707751979 1.0002801401241181
1.1675823388625592 1.0019407209119295 4.58530260724415e-05 1.001657789203397 1.000282463443685
1.167898294628752 1.001994745864582 4.58530260724415e-05 1.001709461274269 1.000284797739606
1.1682142503949446 1.0019358983335291 4.58530260724415e-05 1.001648281991081 1.0002871430497304
1.1685302061611373 1.0019328958099816 4.58530260724415e-05 1.0016429207734763 1.0002894994119076
1.16884616192733 1.0019243735637047 4.58530260724415e-05 1.0016320303641333 1.000291866863987
1.169162117693523 1.0018783642236835 4.58530260724415e-05 1.0015836527972446 1.0002942454438186
1.1694780734597157 1.0018835635754328 4.58530260724415e-05 1.0015864577869755 1.0002966351892515
1.1697940292259084 1.0019036230993685 4.58530260724415e-05 1.0016041072751887 1.0002990361381352
1.170109984992101 1.0020196462258495 4.58530260724415e-05 1.0017176801057337 1.0003014483283192
1.1704259407582938 1.0020032744830527 4.58530260724415e-05 1.0016988864417224 1.0003038717976531
1.1707418965244865 1.0020275462233086 4.58530260724415e-05 1.0017207125737315 1.0003063065839866
1.1710578522906792 1.0019056561604027 4.58530260724415e-05 1.0015964105391297 1.0003087527251686
1.171373808056872 1.0018787570867902 4.58530260724415e-05 1.0015670591428592 1.0003112102590492
1.1716897638230648 1.0019410804779805 4.58530260724415e-05 1.0016268909326185 1.0003136792234775
1.1720057195892575 1.001981734293904 4.58530260724415e-05 1.0016650482165288 1.0003161596563033
1.1723216753554502 1.001998869448852 4.58530260724415e-05 1.0016796826199297 1.0003186515953757
1.1726376311216429 1.0020264010868736 4.58530260724415e-05 1.0017046985357367 1.0003211550785447
1.1729535868878356 1.001993721021236 4.58530260724415e-05 1.0016695105068711 1.0003236701436593
1.1732695426540285 1.0020629747218117 4.58530260724415e-05 1.001736211546542 1.0003261968285695
1.1735854984202212 1.0019752033997544 4.58530260724415e-05 1.0016459271544853 1.0003287351711243
1.173901454186414 1.0019459160811388 4.58530260724415e-05 1.001614096145786 1.0003312852091735
1.1742174099526066 1.0019130778701661 4.58530260724415e-05 1.0015787038440882 1.0003338469805665
1.1745333657187993 1.0019518236542588 4.58530260724415e-05 1.0016148598591073 1.0003364205231529
1.174849321484992 1.0020061235757862 4.58530260724415e-05 1.0016665527298383 1.0003390058747819
1.175165277251185 1.0019566838832235 4.58530260724415e-05 1.0016145292817553 1.0003416030733034
1.1754812330173776 1.002042857731133 4.58530260724415e-05 1.0016980610812998 1.0003442121565667
1.1757971887835703 1.0020671264275736 4.58530260724415e-05 1.0017196968172668 1.0003468331624212
1.176113144549763 1.0018961196480318 4.58530260724415e-05 1.001546113205119 1.0003494661287164
1.1764291003159557 1.0020469215135874 4.58530260724415e-05 1.0016942138687877 1.0003521110933022
1.1767450560821484 1.001907048855887 4.58530260724415e-05 1.0015517302574737 1.0003547680940275
1.177061011848341 1.0020306961958931 4.58530260724415e-05 1.001672661155883 1.0003574371687423
1.177376967614534 1.0020709777088719 4.58530260724415e-05 1.001710243463513 1.0003601183552957
1.1776929233807267 1.0020202942541085 4.58530260724415e-05 1.001656881426618 1.0003628116915375
1.1780088791469194 1.0019611582335979 4.58530260724415e-05 1.0015950579971236 1.000365517215317
1.1783248349131121 1.0019955537497458 4.58530260724415e-05 1.0016267197701652 1.0003682349644838
1.1786407906793048 1.0020129680520005 4.58530260724415e-05 1.0016413941753608 1.0003709649768873
1.1789567464454975 1.002019184676027 4.58530260724415e-05 1.0016448626884715 1.0003737072903771
1.1792727022116902 1.0020208241354562 4.58530260724415e-05 1.001643743385825 1.0003764619428028
1.1795886579778831 1.0020276898020255 4.58530260724415e-05 1.0016478359228889 1.0003792289720135
1.1799046137440758 1.002045134053468 4.58530260724415e-05 1.0016624905522264 1.0003820084158592
1.1802205695102685 1.0019825273377405 4.58530260724415e-05 1.0015971124561798 1.000384800312189
1.1805365252764612 1.0020295000062927 4.58530260724415e-05 1.0016412591476824 1.0003876046988525
1.180852481042654 1.0021128943783466 4.58530260724415e-05 1.0017218005365032 1.0003904216136994
1.1811684368088466 1.0020282674073164 4.58530260724415e-05 1.0016343735935331 1.0003932510945788
1.1814843925750393 1.002028225909391 4.58530260724415e-05 1.0016314865093718 1.0003960931793405
1.1818003483412323 1.0021007297955284 4.58530260724415e-05 1.0017011032381198 1.0003989479058342
1.182116304107425 1.0019365768190063 4.58530260724415e-05 1.00153414506412 1.0004018153119087
1.1824322598736177 1.0021108735486874 4.58530260724415e-05 1.0017054879101008 1.0004046954354142
1.1827482156398104 1.0020304195241778 4.58530260724415e-05 1.001622170032429 1.0004075883141998
1.183064171406003 1.0020696626487877 4.58530260724415e-05 1.0016584878633785 1.0004104939861151
1.183380127172196 1.0020693110583052 4.58530260724415e-05 1.0016552142830388 1.0004134124890098
1.1836960829383887 1.0021108880727745 4.58530260724415e-05 1.0016938389925758 1.000416343860733
1.1840120387045814 1.0020581551819057 4.58530260724415e-05 1.0016381801732548 1.0004192881391345
1.184327994470774 1.002042115854173 4.58530260724415e-05 1.0016191867979936 1.0004222453620637
1.1846439502369668 1.0021355550445898 4.58530260724415e-05 1.0017096125233607 1.00042521556737
1.1849599060031595 1.0019703826539748 4.58530260724415e-05 1.0015415237824488 1.0004281987929031
1.1852758617693522 1.0020825933789865 4.58530260724415e-05 1.0016506865345676 1.0004311950765123
1.185591817535545 1.002022667315363 4.58530260724415e-05 1.0015877734410124 1.0004342044560472
1.1859077733017378 1.0020524179767996 4.58530260724415e-05 1.00161448511101 1.0004372269693573
1.1862237290679305 1.0021824826716872 4.58530260724415e-05 1.0017414533205338 1.000440262654292
1.1865396848341232 1.0020910534335066 4.58530260724415e-05 1.0016470117454779 1.000443311548701
1.186855640600316 1.0021049401876994 4.58530260724415e-05 1.0016578264871385 1.0004463736904337
1.1871715963665086 1.0020171705907748 4.58530260724415e-05 1.0015670171789477 1.0004494491173392
1.1874875521327013 1.0020683722671604 4.58530260724415e-05 1.0016151035043974 1.0004525378672677
1.1878035078988942 1.0021137653884766 4.58530260724415e-05 1.0016573702462659 1.0004556399780682
1.188119463665087 1.0021239682631096 4.58530260724415e-05 1.0016644492003146 1.0004587554875906
1.1884354194312796 1.0021389521867585 4.58530260724415e-05 1.0016762934992012 1.000461884433684
1.1887513751974723 1.0021140211264763 4.58530260724415e-05 1.0016482278020886 1.000465026854198
1.189067330963665 1.0021407871380343 4.58530260724415e-05 1.001671821632941 1.000468182786982
1.1893832867298577 1.0021404274046892 4.58530260724415e-05 1.0016682887830988 1.0004713522698858
1.1896992424960504 1.0020386841266566 4.58530260724415e-05 1.0015634068940746 1.0004745353407587
1.1900151982622433 1.002127347013524 4.58530260724415e-05 1.0016488272784585 1.0004777320374503
1.190331154028436 1.0021639168567196 4.58530260724415e-05 1.0016821654342323 1.0004809423978098
1.1906471097946287 1.0021588036671147 4.58530260724415e-05 1.0016738267966334 1.000484166459687
1.1909630655608214 1.0021181178273029 4.58530260724415e-05 1.0016299191368392 1.0004874042609315
1.1912790213270141 1.0021009323429 4.58530260724415e-05 1.001609486799411 1.0004906558393925
1.191594977093207 1.0020896822050689 4.58530260724415e-05 1.0015949731810292 1.0004939212329196
1.1919109328593998 1.0021380817247953 4.58530260724415e-05 1.0016400658039293 1.0004972004793622
1.1922268886255925 1.002199197315846 4.58530260724415e-05 1.00169785393422 1.00050049361657
1.1925428443917852 1.0020608110508908 4.58530260724415e-05 1.001556226340606 1.0005038006823925
1.1928588001579778 1.0021232288725894 4.58530260724415e-05 1.0016152880102849 1.000507121714679
1.1931747559241705 1.0021043760983945 4.58530260724415e-05 1.0015931061353331 1.000510456751279
1.1934907116903632 1.0021958552278858 4.58530260724415e-05 1.0016811855948835 1.0005138058300422
1.1938066674565562 1.0021376060351446 4.58530260724415e-05 1.0016195994397221 1.000517168988818
1.1941226232227489 1.0021446505021214 4.58530260724415e-05 1.0016232592551224 1.0005205462654558
1.1944385789889416 1.0021595089167772 4.58530260724415e-05 1.0016347147302995 1.0005239376978052
1.1947545347551343 1.0021931294697488 4.58530260724415e-05 1.0016649081678262 1.0005273433237158
1.195070490521327 1.0021579426075053 4.58530260724415e-05 1.0016263162376888 1.0005307631810367
1.1953864462875197 1.0020394573954063 4.58530260724415e-05 1.001504456411224 1.0005341973076178
1.1957024020537124 1.0022074095165756 4.58530260724415e-05 1.0016688665162918 1.0005376457413084
1.1960183578199053 1.0022059169851898 4.58530260724415e-05 1.0016639081103766 1.0005411085199583
1.196334313586098 1.002179007868213 4.58530260724415e-05 1.0016335325883385 1.0005445856814166
1.1966502693522907 1.0021426660451598 4.58530260724415e-05 1.001593715302505 1.000548077263533
1.1969662251184834 1.0022118727913811 4.58530260724415e-05 1.001659374204118 1.0005515833041567
1.197282180884676 1.002216480950761 4.58530260724415e-05 1.0016604553844615 1.0005551038411375
1.1975981366508688 1.0021808806840393 4.58530260724415e-05 1.0016213360303177 1.000558638912325
1.1979140924170615 1.0021958792275796 4.58530260724415e-05 1.0016327727458596 1.0005621885555684
1.1982300481832544 1.0021665399816628 4.58530260724415e-05 1.0015998820351903 1.0005657528087175
1.198546003949447 1.0022044276597446 4.58530260724415e-05 1.0016341655678465 1.0005693317096216
1.1988619597156398 1.002144909750342 4.58530260724415e-05 1.0015710843402512 1.00057292529613
1.1991779154818325 1.0022386245594839 4.58530260724415e-05 1.001661133254246 1.0005765336060926
1.1994938712480252 1.0021796014511264 4.58530260724415e-05 1.001598517383234 1.0005801566773587
1.1998098270142181 1.0022373181083153 4.58530260724415e-05 1.0016525588057168 1.0005837945477778
1.2001257827804108 1.0021653684845413 4.58530260724415e-05 1.0015769948280588 1.0005874472551992
1.2004417385466035 1.0022062969185384 4.58530260724415e-05 1.0016142278870104 1.0005911148374729
1.2007576943127962 1.0022318092262312 4.58530260724415e-05 1.0016360387822798 1.000594797332448
1.201073650078989 1.002164209380727 4.58530260724415e-05 1.0015647780912367 1.000598494777974
1.2013896058451816 1.0022492255968791 4.58530260724415e-05 1.0016460271355665 1.0006022072119005
1.2017055616113743 1.002230101370212 4.58530260724415e-05 1.001623183155182 1.000605934672077
1.2020215173775672 1.0021711253779249 4.58530260724415e-05 1.0015604967822687 1.000609677196353
1.20233747314376 1.0021948565647008 4.58530260724415e-05 1.0015804522376845 1.0006134348225781
1.2026534289099526 1.0022860140842955 4.58530260724415e-05 1.0016677771309928 1.0006172075886015
1.2029693846761453 1.00230295445845 4.58530260724415e-05 1.0016809150854187 1.0006209955322731
1.203285340442338 1.0022594425968827 4.58530260724415e-05 1.0016336232197907 1.000624798691442
1.2036012962085307 1.0022877109713748 4.58530260724415e-05 1.0016580515878297 1.0006286171039578
1.2039172519747234 1.0022830703331997 4.58530260724415e-05 1.001649576249698 1.0006324508076703
1.2042332077409164 1.002291599211834 4.58530260724415e-05 1.0016542467744467 1.0006362998404286
1.204549163507109 1.002339170134119 4.58530260724415e-05 1.0016979189470445 1.0006401642400822
1.2048651192733018 1.0022147272674655 4.58530260724415e-05 1.0015696722848977 1.000644044044481
1.2051810750394945 1.0023186315312653 4.58530260724415e-05 1.00166961043359 1.000647939291474
1.2054970308056872 1.0022738028431775 4.58530260724415e-05 1.0016208962430195 1.0006518500189112
1.2058129865718799 1.0022847931490566 4.58530260724415e-05 1.0016279493138949 1.0006557762646417
1.2061289423380726 1.0022849824382438 4.58530260724415e-05 1.001624192862354 1.000659718066515
1.2064448981042655 1.0022854209277452 4.58530260724415e-05 1.001620669866541 1.000663675462381
1.2067608538704582 1.0022501705221318 4.58530260724415e-05 1.0015814661685436 1.0006676484900887
1.2070768096366509 1.0023186596631002 4.58530260724415e-05 1.0016459170165364 1.000671637187488
1.2073927654028436 1.0023907470530222 4.58530260724415e-05 1.001713947446412 1.000675641592428
1.2077087211690363 1.002315347684048 4.58530260724415e-05 1.0016345749832076 1.0006796617427587
1.2080246769352292 1.0023217212754603 4.58530260724415e-05 1.0016369044513613 1.0006836976763291
1.208340632701422 1.0022941256904896 4.58530260724415e-05 1.0016052722344349 1.000687749430989
1.2086565884676146 1.0023241648846029 4.58530260724415e-05 1.001631219334676 1.0006918170445878
1.2089725442338073 1.0023548540889327 4.58530260724415e-05 1.0016577998701082 1.000695900554975
1.2092885 1.0023204002176744 4.58530260724415e-05 1.001619266730963 1.0007
