sim_data/sim_data_baseline.ecsv
# %ECSV 0.9
# ---
# datatype:
# - {name: Time (days), datatype: float64}
# - {name: Flux, datatype: float64}
# - {name: Flux err, datatype: float64}
# meta:
#   Amplitude: 0.001
#   M_star: 1.0
#   Period: 1.0
#   R_star: 1.0
#   b_impact: !astropy.units.Quantity
#     unit: !astropy.units.Unit {unit: ''}
#     value: 0.512860118872354
#   baseline_c: [0.0002, 0.0002, 0.0003, 1.0]
#   dur_14: 0.07484685034248201
#   dur_23: 0.05665970843307687
#   inc: 83
#   prot_star: 1.0
#   rp: 0.1
#   t0: 0.0
#   y_input: [0.212587193559822, 0.1875962015746607, 0.10421312437579247, 0.1048652652063154, 0.07396204094643963, -0.10988426114539027,
#     -0.0061783184460587155, -0.06551775984748415, 0.12105423789196276, 0.15378327548573822, -0.04586185856263464, 0.05546885463911624,
#     0.12380765335963172, 0.04624802712083938, -0.10450553441687424]
# schema: astropy-2.0
"Time (days)" Flux "Flux err"
0.4 1.0009286738500827 1.5e-05
0.4000977039570103 1.0009086945130916 1.5e-05
0.40019540791402053 1.0009178427443508 1.5e-05
0.4002931118710308 1.000937240702944 1.5e-05
0.40039081582804104 1.000932112800038 1.5e-05
0.4004885197850513 1.0008899225790364 1.5e-05
0.4005862237420616 1.000919293250007 1.5e-05
0.40068392769907185 1.000903244413295 1.5e-05
0.4007816316560821 1.0009044333834167 1.5e-05
0.40087933561309236 1.0009126046445211 1.5e-05
0.4009770395701026 1.000909072955264 1.5e-05
0.40107474352711286 1.0009291852383526 1.5e-05
0.4011724474841231 1.0009192535694817 1.5e-05
0.40127015144113337 1.000910128924426 1.5e-05
0.4013678553981436 1.0009154224808645 1.5e-05
0.4014655593551539 1.0009142314611936 1.5e-05
0.4015632633121642 1.0009320929527006 1.5e-05
0.40166096726917444 1.000907071526092 1.5e-05
0.4017586712261847 1.0009153015154626 1.5e-05
0.40185637518319495 1.000898257206206 1.5e-05
0.4019540791402052 1.000873238420088 1.5e-05
0.40205178309721545 1.0009217799994024 1.5e-05
0.4021494870542257 1.0009253969539174 1.5e-05
0.40224719101123596 1.0009017596932874 1.5e-05
0.4023448949682462 1.000947379424613 1.5e-05
0.40244259892525647 1.0008919868903003 1.5e-05
0.4025403028822668 1.0009149346273345 1.5e-05
0.40263800683927703 1.0009118930414984 1.5e-05
0.4027357107962873 1.0009381358303597 1.5e-05
0.40283341475329754 1.0009376347391008 1.5e-05
0.4029311187103078 1.0009183733390974 1.5e-05
0.40302882266731804 1.0009221689349377 1.5e-05
0.4031265266243283 1.0009036326412963 1.5e-05
0.40322423058133855 1.0008876888541052 1.5e-05
0.4033219345383488 1.000912621071696 1.5e-05
0.40341963849535906 1.0009206279617806 1.5e-05
0.40351734245236937 1.000937176852167 1.5e-05
0.4036150464093796 1.0009372018403497 1.5e-05
0.40371275036638987 1.0009138057006612 1.5e-05
0.4038104543234001 1.0009155226333708 1.5e-05
0.4039081582804104 1.000904773164089 1.5e-05
0.40400586223742063 1.0008996430933823 1.5e-05
0.4041035661944309 1.0008957900591264 1.5e-05
0.40420127015144114 1.0009510691553416 1.5e-05
0.4042989741084514 1.0009146110379585 1.5e-05
0.40439667806546165 1.0009161215932951 1.5e-05
0.40449438202247195 1.0009043405791256 1.5e-05
0.4045920859794822 1.000935222012275 1.5e-05
0.40468978993649246 1.000899795979359 1.5e-05
0.4047874938935027 1.0009212415619013 1.5e-05
0.40488519785051297 1.000911436766971 1.5e-05
0.4049829018075232 1.0009310994751384 1.5e-05
0.4050806057645335 1.0009180692832675 1.5e-05
0.40517830972154373 1.0009084555692302 1.5e-05
0.405276013678554 1.000926167715223 1.5e-05
0.40537371763556423 1.0009334429258312 1.5e-05
0.40547142159257454 1.0009284457974867 1.5e-05
0.4055691255495848 1.0009324119793552 1.5e-05
0.40566682950659505 1.0009187909627553 1.5e-05
0.4057645334636053 1.0009232898474008 1.5e-05
0.40586223742061556 1.000919070834255 1.5e-05
0.4059599413776258 1.0009241879100987 1.5e-05
0.40605764533463606 1.0009178098335327 1.5e-05
0.4061553492916463 1.0009045397021747 1.5e-05
0.40625305324865657 1.0009335100503751 1.5e-05
0.4063507572056668 1.0009252459707743 1.5e-05
0.40644846116267713 1.0009072455884704 1.5e-05
0.4065461651196874 1.0009390519999035 1.5e-05
0.40664386907669764 1.0009189257065862 1.5e-05
0.4067415730337079 1.0009337291356382 1.5e-05
0.40683927699071815 1.0009443014722552 1.5e-05
0.4069369809477284 1.0009357193868376 1.5e-05
0.40703468490473865 1.0009512879749363 1.5e-05
0.4071323888617489 1.0009160996770115 1.5e-05
0.40723009281875916 1.0009410655063513 1.5e-05
0.4073277967757694 1.0009251766631904 1.5e-05
0.4074255007327797 1.0009228009423576 1.5e-05
0.40752320468979 1.0009275915902207 1.5e-05
0.40762090864680023 1.000932011835057 1.5e-05
0.4077186126038105 1.0009379372492317 1.5e-05
0.40781631656082074 1.000920032700518 1.5e-05
0.407914020517831 1.0009514238026902 1.5e-05
0.40801172447484124 1.000945306926065 1.5e-05
0.4081094284318515 1.0009156943260078 1.5e-05
0.40820713238886175 1.0009614572683887 1.5e-05
0.408304836345872 1.0009679768748119 1.5e-05
0.4084025403028823 1.0009576289459496 1.5e-05
0.40850024425989256 1.0009376588519157 1.5e-05
0.4085979482169028 1.0009247043286704 1.5e-05
0.40869565217391307 1.0009569778036287 1.5e-05
0.4087933561309233 1.000935521993887 1.5e-05
0.4088910600879336 1.0009603022335363 1.5e-05
0.40898876404494383 1.0009454951009442 1.5e-05
0.4090864680019541 1.0009574183450853 1.5e-05
0.40918417195896434 1.0009485166773255 1.5e-05
0.4092818759159746 1.0009541677240652 1.5e-05
0.4093795798729849 1.0009441278730822 1.5e-05
0.40947728382999515 1.0009711494488795 1.5e-05
0.4095749877870054 1.000946668556072 1.5e-05
0.40967269174401566 1.0009511900493175 1.5e-05
0.4097703957010259 1.000973797474092 1.5e-05
0.40986809965803617 1.0009257411072372 1.5e-05
0.4099658036150464 1.0009272941345513 1.5e-05
0.4100635075720567 1.00096127733315 1.5e-05
0.4101612115290669 1.0009295404521859 1.5e-05
0.4102589154860772 1.000976671862176 1.5e-05
0.4103566194430875 1.0009417135380394 1.5e-05
0.41045432340009774 1.0009370978896892 1.5e-05
0.410552027357108 1.000977533681381 1.5e-05
0.41064973131411825 1.0009712881538777 1.5e-05
0.4107474352711285 1.0009774808616174 1.5e-05
0.41084513922813876 1.000963449547917 1.5e-05
0.410942843185149 1.0009373341914876 1.5e-05
0.41104054714215926 1.0009792795406092 1.5e-05
0.4111382510991695 1.000947002317526 1.5e-05
0.41123595505617977 1.0009634401699097 1.5e-05
0.4113336590131901 1.0009659958134935 1.5e-05
0.41143136297020033 1.0009498495253637 1.5e-05
0.4115290669272106 1.0009617658504493 1.5e-05
0.41162677088422084 1.000966768758619 1.5e-05
0.4117244748412311 1.0009589655016553 1.5e-05
0.41182217879824135 1.0009372142951858 1.5e-05
0.4119198827552516 1.0009585537600847 1.5e-05
0.41201758671226185 1.0009743515362783 1.5e-05
0.4121152906692721 1.0009444233097669 1.5e-05
0.41221299462628236 1.0009529732587477 1.5e-05
0.41231069858329267 1.0009490687772067 1.5e-05
0.4124084025403029 1.0009837032487636 1.5e-05
0.4125061064973132 1.0009664288971512 1.5e-05
0.4126038104543234 1.0009628325585516 1.5e-05
0.4127015144113337 1.000945550673187 1.5e-05
0.41279921836834393 1.0009655572026732 1.5e-05
0.4128969223253542 1.0009477310024602 1.5e-05
0.41299462628236444 1.0009586933289918 1.5e-05
0.4130923302393747 1.0009490523474625 1.5e-05
0.41319003419638495 1.0009691028711925 1.5e-05
0.41328773815339526 1.0009679759880115 1.5e-05
0.4133854421104055 1.000956575180483 1.5e-05
0.41348314606741576 1.0009660066221004 1.5e-05
0.413580850024426 1.0009440442912625 1.5e-05
0.41367855398143627 1.000938440444078 1.5e-05
0.4137762579384465 1.0009677602765763 1.5e-05
0.4138739618954568 1.0009640368039134 1.5e-05
0.41397166585246703 1.0009714261577742 1.5e-05
0.4140693698094773 1.0009980066259705 1.5e-05
0.41416707376648754 1.0009767960751208 1.5e-05
0.41426477772349785 1.000949306774564 1.5e-05
0.4143624816805081 1.0009801101354194 1.5e-05
0.41446018563751835 1.000943987181007 1.5e-05
0.4145578895945286 1.0009571606383667 1.5e-05
0.41465559355153886 1.0009634203660245 1.5e-05
0.4147532975085491 1.0009904981750917 1.5e-05
0.41485100146555937 1.000953994989426 1.5e-05
0.4149487054225696 1.0009531289965972 1.5e-05
0.4150464093795799 1.0009644045566268 1.5e-05
0.4151441133365901 1.0009562888033212 1.5e-05
0.41524181729360043 1.0009834912756186 1.5e-05
0.4153395212506107 1.000950756794749 1.5e-05
0.41543722520762094 1.0009500996555631 1.5e-05
0.4155349291646312 1.0009610969514562 1.5e-05
0.41563263312164145 1.0009605483524264 1.5e-05
0.4157303370786517 1.0009973071536054 1.5e-05
0.41582804103566195 1.0009829619558244 1.5e-05
0.4159257449926722 1.0009703893145252 1.5e-05
0.41602344894968246 1.0009510508083388 1.5e-05
0.4161211529066927 1.0009824418008382 1.5e-05
0.416218856863703 1.0009551299387418 1.5e-05
0.4163165608207133 1.000947313298974 1.5e-05
0.41641426477772353 1.0009886451585401 1.5e-05
0.4165119687347338 1.000975930380043 1.5e-05
0.41660967269174404 1.000985334976673 1.5e-05
0.4167073766487543 1.0009766523296015 1.5e-05
0.41680508060576454 1.0009850686771473 1.5e-05
0.4169027845627748 1.0009628019389716 1.5e-05
0.41700048851978505 1.0009574003255692 1.5e-05
0.4170981924767953 1.0009834768001395 1.5e-05
0.4171958964338056 1.0009615508304595 1.5e-05
0.41729360039081587 1.0009636017882062 1.5e-05
0.4173913043478261 1.000967454071475 1.5e-05
0.4174890083048364 1.0009748898396444 1.5e-05
0.4175867122618466 1.0009696605409601 1.5e-05
0.4176844162188569 1.0009546905166484 1.5e-05
0.41778212017586713 1.000965998355894 1.5e-05
0.4178798241328774 1.0009426465162932 1.5e-05
0.41797752808988764 1.000985705585366 1.5e-05
0.4180752320468979 1.0009526420712416 1.5e-05
0.41817293600390815 1.0009604433214474 1.5e-05
0.41827063996091846 1.000978124884482 1.5e-05
0.4183683439179287 1.0009665881331804 1.5e-05
0.41846604787493896 1.0010011551908502 1.5e-05
0.4185637518319492 1.0009589617850936 1.5e-05
0.41866145578895947 1.0009826899587164 1.5e-05
0.4187591597459697 1.0009784300404514 1.5e-05
0.41885686370298 1.0009618350456533 1.5e-05
0.41895456765999023 1.0009875329051556 1.5e-05
0.4190522716170005 1.000977445071253 1.5e-05
0.4191499755740108 1.0009919236713871 1.5e-05
0.41924767953102104 1.0009930302262766 1.5e-05
0.4193453834880313 1.0010134522566967 1.5e-05
0.41944308744504155 1.001001384129832 1.5e-05
0.4195407914020518 1.0009761332091898 1.5e-05
0.41963849535906206 1.0009784084117221 1.5e-05
0.4197361993160723 1.0009988176462759 1.5e-05
0.41983390327308256 1.0009924805237582 1.5e-05
0.4199316072300928 1.0009925803668906 1.5e-05
0.42002931118710307 1.0009590574846927 1.5e-05
0.4201270151441133 1.000983267386719 1.5e-05
0.42022471910112363 1.0009728890751688 1.5e-05
0.4203224230581339 1.0009884795240984 1.5e-05
0.42042012701514414 1.0009831333875348 1.5e-05
0.4205178309721544 1.000998578296234 1.5e-05
0.42061553492916465 1.000990008367697 1.5e-05
0.4207132388861749 1.0009973655219404 1.5e-05
0.42081094284318515 1.0009788996988684 1.5e-05
0.4209086468001954 1.0009720516170306 1.5e-05
0.42100635075720566 1.000980386095678 1.5e-05
0.42110405471421597 1.0009865999284766 1.5e-05
0.4212017586712262 1.0009928603113076 1.5e-05
0.4212994626282365 1.001021375219949 1.5e-05
0.42139716658524673 1.000987176846379 1.5e-05
0.421494870542257 1.0009737916874057 1.5e-05
0.42159257449926724 1.0009832559332594 1.5e-05
0.4216902784562775 1.0009818082163016 1.5e-05
0.42178798241328774 1.0009962969773056 1.5e-05
0.421885686370298 1.0009662840718574 1.5e-05
0.42198339032730825 1.0009906543544917 1.5e-05
0.4220810942843185 1.0009923665498173 1.5e-05
0.4221787982413288 1.0009938146742827 1.5e-05
0.42227650219833907 1.000981687451512 1.5e-05
0.4223742061553493 1.0009873893464805 1.5e-05
0.42247191011235957 1.0009699124360143 1.5e-05
0.4225696140693698 1.000984181628866 1.5e-05
0.4226673180263801 1.000983749034929 1.5e-05
0.42276502198339033 1.0009984395744993 1.5e-05
0.4228627259404006 1.000975170149497 1.5e-05
0.42296042989741084 1.0010045336050801 1.5e-05
0.42305813385442115 1.0010155388409467 1.5e-05
0.4231558378114314 1.0009623902175995 1.5e-05
0.42325354176844165 1.0010001332541967 1.5e-05
0.4233512457254519 1.001004198659029 1.5e-05
0.42344894968246216 1.000984793336418 1.5e-05
0.4235466536394724 1.0009887003890172 1.5e-05
0.42364435759648267 1.0009929702030909 1.5e-05
0.4237420615534929 1.000990801235181 1.5e-05
0.4238397655105032 1.0009909365700402 1.5e-05
0.42393746946751343 1.0009707388962117 1.5e-05
0.4240351734245237 1.001013457952608 1.5e-05
0.424132877381534 1.0010126694552608 1.5e-05
0.42423058133854424 1.0009845818046645 1.5e-05
0.4243282852955545 1.000975088722885 1.5e-05
0.42442598925256475 1.001005195449952 1.5e-05
0.424523693209575 1.0009890457015358 1.5e-05
0.42462139716658526 1.001000108911816 1.5e-05
0.4247191011235955 1.0009934897418278 1.5e-05
0.42481680508060576 1.0010089478932385 1.5e-05
0.424914509037616 1.00100929364016 1.5e-05
0.4250122129946263 1.0009882896946374 1.5e-05
0.4251099169516366 1.0009787216458481 1.5e-05
0.42520762090864683 1.000976024584824 1.5e-05
0.4253053248656571 1.0010092133371946 1.5e-05
0.42540302882266734 1.0009825249371056 1.5e-05
0.4255007327796776 1.0009930479415807 1.5e-05
0.42559843673668785 1.0009919995643017 1.5e-05
0.4256961406936981 1.0010004474710368 1.5e-05
0.42579384465070835 1.0009724900334291 1.5e-05
0.4258915486077186 1.0010046519511162 1.5e-05
0.42598925256472886 1.0010099693666923 1.5e-05
0.42608695652173917 1.0010037297696306 1.5e-05
0.4261846604787494 1.0009980319460248 1.5e-05
0.4262823644357597 1.0010044451778246 1.5e-05
0.42638006839276993 1.001009258593246 1.5e-05
0.4264777723497802 1.0009619822080347 1.5e-05
0.42657547630679044 1.0010331847241924 1.5e-05
0.4266731802638007 1.0010099899645588 1.5e-05
0.42677088422081094 1.000994642926054 1.5e-05
0.4268685881778212 1.000998850985423 1.5e-05
0.4269662921348315 1.0010124053486134 1.5e-05
0.42706399609184176 1.001003545349661 1.5e-05
0.427161700048852 1.0009751175189845 1.5e-05
0.42725940400586226 1.001036818451358 1.5e-05
0.4273571079628725 1.0010044835276477 1.5e-05
0.42745481191988277 1.0010217249149775 1.5e-05
0.427552515876893 1.00099632979761 1.5e-05
0.4276502198339033 1.0010300327767976 1.5e-05
0.42774792379091353 1.0010115681620229 1.5e-05
0.4278456277479238 1.001016686607972 1.5e-05
0.42794333170493404 1.0009921611387889 1.5e-05
0.42804103566194435 1.001026281626685 1.5e-05
0.4281387396189546 1.0010187435162587 1.5e-05
0.42823644357596485 1.0010282020597858 1.5e-05
0.4283341475329751 1.0009995377670284 1.5e-05
0.42843185148998536 1.001002022086792 1.5e-05
0.4285295554469956 1.0010440668280451 1.5e-05
0.42862725940400587 1.0009938950104151 1.5e-05
0.4287249633610161 1.0010080307672677 1.5e-05
0.4288226673180264 1.0010273966961643 1.5e-05
0.4289203712750367 1.0010120884115479 1.5e-05
0.42901807523204694 1.0010196413491725 1.5e-05
0.4291157791890572 1.0010051833644138 1.5e-05
0.42921348314606744 1.0010169986819721 1.5e-05
0.4293111871030777 1.0009921289074528 1.5e-05
0.42940889106008795 1.0010368645291319 1.5e-05
0.4295065950170982 1.001010498360018 1.5e-05
0.42960429897410846 1.0010023425836614 1.5e-05
0.4297020029311187 1.0010228097506813 1.5e-05
0.42979970688812896 1.0010061782075736 1.5e-05
0.4298974108451392 1.000993348945119 1.5e-05
0.4299951148021495 1.00099343305407 1.5e-05
0.4300928187591598 1.0010243053745662 1.5e-05
0.43019052271617003 1.0010117774884408 1.5e-05
0.4302882266731803 1.00101243502269 1.5e-05
0.43038593063019054 1.001030872491482 1.5e-05
0.4304836345872008 1.0009980784464703 1.5e-05
0.43058133854421105 1.0010042876964993 1.5e-05
0.4306790425012213 1.0010097413589765 1.5e-05
0.43077674645823155 1.0010171956966927 1.5e-05
0.43087445041524186 1.0010154148930992 1.5e-05
0.4309721543722521 1.0010120110151364 1.5e-05
0.43106985832926237 1.0010156550636338 1.5e-05
0.4311675622862726 1.0010152352699364 1.5e-05
0.4312652662432829 1.0010063172064556 1.5e-05
0.4313629702002931 1.0010051809562557 1.5e-05
0.4314606741573034 1.0010217545908064 1.5e-05
0.43155837811431363 1.001004539599179 1.5e-05
0.4316560820713239 1.0010008066373337 1.5e-05
0.43175378602833414 1.00101374283902 1.5e-05
0.4318514899853444 1.0010163238323366 1.5e-05
0.4319491939423547 1.001052794930037 1.5e-05
0.43204689789936496 1.0010086424291615 1.5e-05
0.4321446018563752 1.0010336181884885 1.5e-05
0.43224230581338546 1.0010309378097253 1.5e-05
0.4323400097703957 1.0010021605863495 1.5e-05
0.43243771372740597 1.0010318477402556 1.5e-05
0.4325354176844162 1.0010027546437448 1.5e-05
0.4326331216414265 1.0009808874625032 1.5e-05
0.43273082559843673 1.001030119324346 1.5e-05
0.43282852955544704 1.0009949497485728 1.5e-05
0.4329262335124573 1.0010283034713185 1.5e-05
0.43302393746946755 1.001011538797847 1.5e-05
0.4331216414264778 1.001046942352265 1.5e-05
0.43321934538348805 1.001038333951553 1.5e-05
0.4333170493404983 1.0010157646751991 1.5e-05
0.43341475329750856 1.0010125033092805 1.5e-05
0.4335124572545188 1.0010048654243242 1.5e-05
0.43361016121152907 1.0010167147093072 1.5e-05
0.4337078651685393 1.001019376303551 1.5e-05
0.4338055691255496 1.0010183645050381 1.5e-05
