sim_data/sim_data_GP_baseline_hd189_ncF444W.ecsv
# %ECSV 0.9
# ---
# datatype:
# - {name: Time (days), datatype: float64}
# - {name: Flux, datatype: float64}
# - {name: Flux err, datatype: float64}
# - {name: Flux before Baseline, datatype: float64}
# - {name: Baseline, datatype: float64}
# meta:
#   Amplitude: 0.0014619
#   M_planet: 0.0011130568768082329
#   M_planet_units: Msun
#   M_star: 0.812
#   M_star_units: Msun
#   Period: 2.218577
#   Period_units: days
#   R_star: 0.765
#   b_impact: !astropy.units.Quantity
#     unit: !astropy.units.Unit {unit: ''}
#     value: 0.6560793167814927
#   baseline_c: [1.0]
#   dur_14: 0.07681051894288836
#   dur_23: 0.043817925785034365
#   inc: 85.69
#   inc_units: deg
#   prot_star: 1.0
#   rho_GP: 0.7
#   rp: 0.115056
#   rp_units: Rsun
#   sigma_GP: 0.001
#   t0: 0.0
#   y_input: [0.212587193559822, 0.1875962015746607, 0.10421312437579247, 0.1048652652063154, 0.07396204094643963, -0.10988426114539027,
#     -0.0061783184460587155, -0.06551775984748415, 0.12105423789196276, 0.15378327548573822, -0.04586185856263464, 0.05546885463911624,
#     0.12380765335963172, 0.04624802712083938, -0.10450553441687424]
# schema: astropy-2.0
"Time (days)" Flux "Flux err" "Flux before Baseline" Baseline
1.0092884999999998 1.003503055604526 4.58530260724415e-05 1.001810753668721 0.0016923019358047538
1.0096044557661925 1.003406624634514 4.58530260724415e-05 1.0017481071008132 0.0016585175337007073
1.0099204115323852 1.0034499178552763 4.58530260724415e-05 1.0017745287758375 0.0016753890794388314
1.010236367298578 1.0035280710073058 4.58530260724415e-05 1.0018322942518558 0.0016957767554499456
1.0105523230647708 1.0034539603812012 4.58530260724415e-05 1.001815067387391 0.0016388929938101601
1.0108682788309635 1.003355291196258 4.58530260724415e-05 1.0016845145834279 0.0016707766128300167
1.0111842345971562 1.0034431355093887 4.58530260724415e-05 1.0017727815347899 0.0016703539745988188
1.011500190363349 1.0033042271206196 4.58530260724415e-05 1.0017221681391582 0.0015820589814614426
1.0118161461295416 1.003429476742453 4.58530260724415e-05 1.0017242664931023 0.0017052102493506508
1.0121321018957343 1.0034394767069925 4.58530260724415e-05 1.0017477174836806 0.001691759223311975
1.0124480576619272 1.003370334955153 4.58530260724415e-05 1.0017353858891547 0.0016349490659983746
1.01276401342812 1.003447343974111 4.58530260724415e-05 1.001795354498 0.0016519894761108712
1.0130799691943126 1.00344705720209 4.58530260724415e-05 1.001763457987005 0.0016835992150850687
1.0133959249605053 1.003382791097382 4.58530260724415e-05 1.0017340315655525 0.0016487595318294514
1.013711880726698 1.0033956511695832 4.58530260724415e-05 1.0017486950100145 0.0016469561595687542
1.0140278364928907 1.0033273577305006 4.58530260724415e-05 1.0017435325015003 0.0015838252290004179
1.0143437922590834 1.0034675868620182 4.58530260724415e-05 1.0017966304034236 0.0016709564585946058
1.0146597480252764 1.0033709241160904 4.58530260724415e-05 1.0017186049091646 0.0016523192069257504
1.014975703791469 1.0034016583406868 4.58530260724415e-05 1.0017422566644851 0.0016594016762017498
1.0152916595576618 1.0032593728589196 4.58530260724415e-05 1.0016886280625454 0.0015707447963740956
1.0156076153238545 1.0033258696385867 4.58530260724415e-05 1.0016106178492095 0.0017152517893772364
1.0159235710900472 1.0034093802558905 4.58530260724415e-05 1.0017575396168155 0.0016518406390749892
1.0162395268562399 1.0033921513653847 4.58530260724415e-05 1.0017670951580389 0.0016250562073457898
1.0165554826224328 1.0034338942189058 4.58530260724415e-05 1.0016933163944082 0.0017405778244975628
1.0168714383886255 1.003483061381386 4.58530260724415e-05 1.0018313106363295 0.001651750745056724
1.0171873941548182 1.0032422082539167 4.58530260724415e-05 1.0016604369112627 0.001581771342654052
1.0175033499210109 1.0033517526378515 4.58530260724415e-05 1.0017291104533375 0.0016226421845140526
1.0178193056872036 1.0032444438528454 4.58530260724415e-05 1.0017183174977646 0.001526126355080854
1.0181352614533963 1.0034704345850707 4.58530260724415e-05 1.0017970710145145 0.0016733635705561615
1.018451217219589 1.003400415153854 4.58530260724415e-05 1.001794050849549 0.0016063643043048807
1.018767172985782 1.0033195684585228 4.58530260724415e-05 1.0017336688152203 0.0015858996433024237
1.0190831287519746 1.0034119918564486 4.58530260724415e-05 1.001743791455195 0.001668200401253596
1.0193990845181673 1.003225234282604 4.58530260724415e-05 1.0016856312980578 0.0015396029845462203
1.01971504028436 1.00326973623256 4.58530260724415e-05 1.0016354007002353 0.0016343355323246184
1.0200309960505527 1.003218330241806 4.58530260724415e-05 1.0017101604883751 0.0015081697534308418
1.0203469518167454 1.0032947116801816 4.58530260724415e-05 1.0017331693372897 0.0015615423428919477
1.0206629075829383 1.003310289628186 4.58530260724415e-05 1.0017822996152748 0.001527990012911332
1.020978863349131 1.0034286529769858 4.58530260724415e-05 1.0017809064699947 0.0016477465069910356
1.0212948191153237 1.0033762187260395 4.58530260724415e-05 1.001707900109916 0.0016683186161234444
1.0216107748815164 1.0032856805486212 4.58530260724415e-05 1.0017116850722771 0.001573995476344082
1.0219267306477091 1.0033042242135715 4.58530260724415e-05 1.001677353443983 0.0016268707695884762
1.0222426864139018 1.0032400503245802 4.58530260724415e-05 1.0016602067039828 0.001579843620597485
1.0225586421800945 1.0032601902702867 4.58530260724415e-05 1.001646967075962 0.0016132231943247158
1.0228745979462874 1.0033646393348605 4.58530260724415e-05 1.0018145394377116 0.0015500998971488904
1.0231905537124801 1.0031985072140337 4.58530260724415e-05 1.0017016069943259 0.0014969002197078502
1.0235065094786728 1.003184386330241 4.58530260724415e-05 1.0017047745146428 0.001479611815598217
1.0238224652448655 1.0032398525945891 4.58530260724415e-05 1.0016673023982463 0.0015725501963428652
1.0241384210110582 1.0034228622683388 4.58530260724415e-05 1.0017602823034388 0.0016625799649000194
1.024454376777251 1.003227079482031 4.58530260724415e-05 1.00165051493108 0.0015765645509510464
1.0247703325434439 1.003251706929791 4.58530260724415e-05 1.0017146471109435 0.0015370598188476545
1.0250862883096366 1.00333377115927 4.58530260724415e-05 1.0016832267626572 0.0016505443966128176
1.0254022440758293 1.0033199510856965 4.58530260724415e-05 1.0017419118346744 0.0015780392510221111
1.025718199842022 1.0032717384513097 4.58530260724415e-05 1.0017006336457848 0.0015711048055249708
1.0260341556082146 1.0032472475932321 4.58530260724415e-05 1.0016698043242456 0.0015774432689865845
1.0263501113744073 1.0032811058990239 4.58530260724415e-05 1.0017225317705354 0.0015585741284885185
1.0266660671406 1.003290940066272 4.58530260724415e-05 1.0017433483049254 0.0015475917613465768
1.026982022906793 1.0032158188831601 4.58530260724415e-05 1.0017266418431963 0.0014891770399638052
1.0272979786729857 1.0033106175403412 4.58530260724415e-05 1.0017373447672586 0.0015732727730826488
1.0276139344391784 1.0032393228099963 4.58530260724415e-05 1.0016942734697039 0.0015450493402923264
1.027929890205371 1.0033119738967695 4.58530260724415e-05 1.0017066096725589 0.0016053642242107075
1.0282458459715638 1.0032266919980093 4.58530260724415e-05 1.0016922913556523 0.001534400642357079
1.0285618017377565 1.0031620184289407 4.58530260724415e-05 1.0017065222050632 0.0014554962238776305
1.0288777575039494 1.0032159447347992 4.58530260724415e-05 1.0016856065455602 0.0015303381892391422
1.029193713270142 1.0032588205230955 4.58530260724415e-05 1.0016436192941176 0.001615201228977851
1.0295096690363348 1.003252307613283 4.58530260724415e-05 1.0017307927674186 0.001521514845864432
1.0298256248025275 1.0031967840352278 4.58530260724415e-05 1.0017041168914518 0.0014926671437760948
1.0301415805687202 1.0031181592840765 4.58530260724415e-05 1.0016476726120538 0.0014704866720226723
1.0304575363349129 1.003211503694705 4.58530260724415e-05 1.0017435243373762 0.0014679793573285946
1.0307734921011056 1.0031761239453267 4.58530260724415e-05 1.001680584081358 0.0014955398639686377
1.0310894478672985 1.0031722200072652 4.58530260724415e-05 1.0017244502522114 0.0014477697550538237
1.0314054036334912 1.0033235997457608 4.58530260724415e-05 1.0017553812043882 0.0015682185413725003
1.031721359399684 1.0032147538479859 4.58530260724415e-05 1.0017277461054674 0.0014870077425184608
1.0320373151658766 1.0032754410414713 4.58530260724415e-05 1.001773958326676 0.0015014827147951859
1.0323532709320693 1.0032290604475196 4.58530260724415e-05 1.0016649742215036 0.001564086226016043
1.032669226698262 1.0033130748467547 4.58530260724415e-05 1.0017399245245944 0.0015731503221602498
1.0329851824644547 1.0031861379788918 4.58530260724415e-05 1.0016899564049608 0.0014961815739310026
1.0333011382306476 1.003200946451707 4.58530260724415e-05 1.0016813092690635 0.0015196371826436148
1.0336170939968403 1.003234020931034 4.58530260724415e-05 1.001694576734819 0.0015394441962149345
1.033933049763033 1.003203577442161 4.58530260724415e-05 1.0017067137641165 0.0014968636780444992
1.0342490055292257 1.0031402364148874 4.58530260724415e-05 1.0017234552452239 0.001416781169663541
1.0345649612954184 1.003190436888302 4.58530260724415e-05 1.0016673346092002 0.0015231022791017885
1.0348809170616111 1.0032985595842767 4.58530260724415e-05 1.0017619460937628 0.0015366134905138407
1.035196872827804 1.003258629540421 4.58530260724415e-05 1.0017418725808938 0.001516756959527418
1.0355128285939967 1.0031022576007578 4.58530260724415e-05 1.0016499590601862 0.0014522985405715535
1.0358287843601894 1.0032692173321394 4.58530260724415e-05 1.0017885211394184 0.001480696192720853
1.0361447401263821 1.0032655222145557 4.58530260724415e-05 1.001807092177241 0.0014584300373146994
1.0364606958925748 1.0032412601039933 4.58530260724415e-05 1.0017740900384966 0.0014671700654966952
1.0367766516587675 1.0032529014118896 4.58530260724415e-05 1.0017116686947356 0.0015412327171539326
1.0370926074249605 1.0032290822681262 4.58530260724415e-05 1.0016707007682157 0.0015583814999105554
1.0374085631911532 1.0032920968499517 4.58530260724415e-05 1.0017680269002605 0.001524069949691211
1.0377245189573459 1.0032222179692054 4.58530260724415e-05 1.001701069154956 0.0015211488142495128
1.0380404747235386 1.003305350897563 4.58530260724415e-05 1.0017754876427771 0.0015298632547858465
1.0383564304897313 1.0032285396171159 4.58530260724415e-05 1.001728863533115 0.0014996760840008654
1.038672386255924 1.0032600196199053 4.58530260724415e-05 1.001763973867441 0.001496045752464279
1.0389883420221167 1.003201327450763 4.58530260724415e-05 1.001735410866317 0.0014659165844459732
1.0393042977883096 1.0032427992717912 4.58530260724415e-05 1.0017513471423056 0.001491452129485582
1.0396202535545023 1.0033227367968376 4.58530260724415e-05 1.0017193081774753 0.0016034286193622488
1.039936209320695 1.003349171167888 4.58530260724415e-05 1.001800592241135 0.0015485789267527723
1.0402521650868877 1.0032191933651031 4.58530260724415e-05 1.0017244017932452 0.0014947915718580512
1.0405681208530804 1.0032235757423722 4.58530260724415e-05 1.0017368925934675 0.001486683148904557
1.040884076619273 1.0032695000184988 4.58530260724415e-05 1.0018046858578453 0.0014648141606535383
1.0412000323854658 1.0031764296737673 4.58530260724415e-05 1.0016564162639217 0.0015200134098457094
1.0415159881516587 1.003182665330836 4.58530260724415e-05 1.0016598367694682 0.0015228285613677777
1.0418319439178514 1.0031978779516317 4.58530260724415e-05 1.0017624192403307 0.0014354587113010965
1.042147899684044 1.0031848237674457 4.58530260724415e-05 1.001664055187068 0.0015207685803778224
1.0424638554502368 1.003278455470906 4.58530260724415e-05 1.0018068441963364 0.001471611274569584
1.0427798112164295 1.0032638046418934 4.58530260724415e-05 1.0016986343009011 0.0015651703409922575
1.0430957669826222 1.0031944785316922 4.58530260724415e-05 1.0016832034784646 0.0015112750532276476
1.043411722748815 1.0033938443670594 4.58530260724415e-05 1.0018055256762983 0.0015883186907609368
1.0437276785150078 1.0032776333772797 4.58530260724415e-05 1.0017851153322954 0.0014925180449842004
1.0440436342812005 1.0033012785402249 4.58530260724415e-05 1.0018027386238986 0.0014985399163262906
1.0443595900473932 1.0032843401429081 4.58530260724415e-05 1.0017585262906046 0.0015258138523036252
1.044675545813586 1.0032421542584744 4.58530260724415e-05 1.0016773674665378 0.0015647867919366424
1.0449915015797786 1.0033519502073278 4.58530260724415e-05 1.001804315259627 0.0015476349477007163
1.0453074573459713 1.0031682353757494 4.58530260724415e-05 1.001704319829471 0.001463915546278354
1.0456234131121642 1.0032796529208678 4.58530260724415e-05 1.0017532791049997 0.0015263738158682032
1.045939368878357 1.0032798358527675 4.58530260724415e-05 1.0017597937386606 0.0015200421141068155
1.0462553246445496 1.003207711236875 4.58530260724415e-05 1.0017091268689076 0.001498584367967248
1.0465712804107423 1.0032299626775363 4.58530260724415e-05 1.0017442669922763 0.0014856956852600674
1.046887236176935 1.003357228801241 4.58530260724415e-05 1.0017582704686385 0.001598958332602396
1.0472031919431277 1.0032384072801712 4.58530260724415e-05 1.0017331195221475 0.0015052877580236234
1.0475191477093206 1.003146605766386 4.58530260724415e-05 1.0016653230530412 0.0014812827133448053
1.0478351034755133 1.0032782641176372 4.58530260724415e-05 1.001729283526117 0.0015489805915202507
1.048151059241706 1.0033046025802734 4.58530260724415e-05 1.0017763015712537 0.001528301009019619
1.0484670150078987 1.0032028925868552 4.58530260724415e-05 1.001683508950557 0.0015193836362983712
1.0487829707740914 1.003269529786878 4.58530260724415e-05 1.0017083698807696 0.001561159906108363
1.0490989265402841 1.0032471531977651 4.58530260724415e-05 1.0016951519226767 0.001552001275088462
1.0494148823064768 1.0033492024382493 4.58530260724415e-05 1.0017997731845836 0.0015494292536658344
1.0497308380726698 1.003327482868427 4.58530260724415e-05 1.0017456792768098 0.0015818035916172022
1.0500467938388625 1.003288759344966 4.58530260724415e-05 1.0017334094316603 0.0015553499133055474
1.0503627496050552 1.003193606499371 4.58530260724415e-05 1.001679296501952 0.0015143099974189304
1.0506787053712479 1.003263433417272 4.58530260724415e-05 1.0017391989661453 0.0015242344511268119
1.0509946611374406 1.0031987168956553 4.58530260724415e-05 1.0016834257059246 0.001515291189730705
1.0513106169036333 1.0032643259162775 4.58530260724415e-05 1.0017156784315848 0.0015486474846925472
1.0516265726698262 1.003172658572486 4.58530260724415e-05 1.0016849363077667 0.0014877222647192761
1.0519425284360189 1.0031899871895094 4.58530260724415e-05 1.0017449810238799 0.0014450061656294394
1.0522584842022116 1.0032681501034373 4.58530260724415e-05 1.0017402755454405 0.0015278745579967886
1.0525744399684043 1.003162660813539 4.58530260724415e-05 1.0017041584504192 0.0014585023631199972
1.052890395734597 1.0031516824619033 4.58530260724415e-05 1.0017317400176233 0.001419942444279954
1.0532063515007897 1.0031840464997286 4.58530260724415e-05 1.0016633339324197 0.0015207125673088796
1.0535223072669824 1.0031134912302428 4.58530260724415e-05 1.0016449475018807 0.0014685437283620483
1.0538382630331753 1.0032551043714757 4.58530260724415e-05 1.0017333455454247 0.0015217588260510063
1.054154218799368 1.0031937452320214 4.58530260724415e-05 1.0017207123879432 0.0014730328440780928
1.0544701745655607 1.0031815441529561 4.58530260724415e-05 1.0017420596809072 0.0014394844720488648
1.0547861303317534 1.0032471467152932 4.58530260724415e-05 1.00182208749811 0.0014250592171831742
1.055102086097946 1.0032069970804522 4.58530260724415e-05 1.001755991738717 0.001451005341735184
1.0554180418641388 1.0031279006237128 4.58530260724415e-05 1.0016707000993987 0.0014572005243140992
1.0557339976303317 1.003189702229984 4.58530260724415e-05 1.0017636454693162 0.0014260567606678236
1.0560499533965244 1.0030967631750591 4.58530260724415e-05 1.0016519595544138 0.0014448036206454501
1.056365909162717 1.00306984601084 4.58530260724415e-05 1.0016910037065714 0.0013788423042686308
1.0566818649289098 1.0031510120827416 4.58530260724415e-05 1.0017089104071883 0.0014421016755532077
1.0569978206951025 1.0031408138915683 4.58530260724415e-05 1.0017904720412638 0.0013503418503045643
1.0573137764612952 1.0030915692097366 4.58530260724415e-05 1.0016776312997997 0.0014139379099368443
1.057629732227488 1.0031258745505285 4.58530260724415e-05 1.0016737561914644 0.0014521183590641823
1.0579456879936808 1.0031784851984695 4.58530260724415e-05 1.001707006758504 0.0014714784399654241
1.0582616437598735 1.0031856282963982 4.58530260724415e-05 1.0016809686910972 0.0015046596053009112
1.0585775995260662 1.003114914156631 4.58530260724415e-05 1.0017629207865353 0.0013519933700955934
1.058893555292259 1.003114273763822 4.58530260724415e-05 1.0016616128030984 0.0014526609607235024
1.0592095110584516 1.0031341748057132 4.58530260724415e-05 1.0016583856998116 0.0014757891059015203
1.0595254668246443 1.0031598752760589 4.58530260724415e-05 1.0016907947838591 0.0014690804921997762
1.0598414225908372 1.0030671179378872 4.58530260724415e-05 1.0016879032797141 0.001379214658173079
