sim_data/sim_data_baseline.ecsv
# %ECSV 0.9
# ---
# datatype:
# - {name: Time (days), datatype: float64}
# - {name: Flux, datatype: float64}
# - {name: Flux err, datatype: float64}
# - {name: Flux before Baseline, datatype: float64}
# - {name: Baseline, datatype: float64}
# meta:
#   Amplitude: 0.001
#   M_planet: 0.0
#   M_planet_units: Msun
#   M_star: 1.0
#   M_star_units: Msun
#   Period: 1.0
#   Period_units: days
#   R_star: 1.0
#   b_impact: !astropy.units.Quantity
#     unit: !astropy.units.Unit {unit: ''}
#     value: 0.512860118872354
#   baseline_c: [0.0002, 0.0002, 0.0003, 1.0]
#   dur_14: 0.07484685034248201
#   dur_23: 0.05665970843307687
#   inc: 83
#   inc_units: deg
#   prot_star: 1.0
#   rp: 0.1
#   rp_units: Rsun
#   t0: 0.0
#   y_input: [0.212587193559822, 0.1875962015746607, 0.10421312437579247, 0.1048652652063154, 0.07396204094643963, -0.10988426114539027,
#     -0.0061783184460587155, -0.06551775984748415, 0.12105423789196276, 0.15378327548573822, -0.04586185856263464, 0.05546885463911624,
#     0.12380765335963172, 0.04624802712083938, -0.10450553441687424]
# schema: astropy-2.0
"Time (days)" Flux "Flux err" "Flux before Baseline" Baseline
[from data line 1147]
0.512066438690767 1.0000374505959289 1.5e-05 0.9999979880082585 1.000039462667069
0.5121641426477772 1.0000581332358414 1.5e-05 1.0000183207743918 1.000039811732068
0.5122618466047875 1.0000372685746532 1.5e-05 0.9999971073725719 1.000040161318253
0.5123595505617977 1.0000400116172539 1.5e-05 0.9999995002107573 1.0000405114267437
0.512457254518808 1.000017899067921 1.5e-05 0.999977037947539 1.0000408620586587
0.5125549584758182 1.000044313700569 1.5e-05 1.0000031003576757 1.0000412132151175
0.5126526624328285 1.0000495308659352 1.5e-05 1.0000079656376046 1.0000415648972396
0.5127503663898387 1.0000455044402181 1.5e-05 1.0000035871837099 1.0000419171061439
0.512848070346849 1.0000632391731985 1.5e-05 1.0000209684439163 1.0000422698429494
0.5129457743038593 1.0000434507143712 1.5e-05 1.0000008275703216 1.000042623108776
0.5130434782608696 1.0000474617593211 1.5e-05 1.0000044846618419 1.0000429769047423
0.5131411822178799 1.0000680598635974 1.5e-05 1.000024727560154 1.0000433312319679
0.5132388861748901 1.0000204348630206 1.5e-05 0.9999767497871597 1.0000436860915718
0.5133365901319004 1.000037203803328 1.5e-05 0.999993162619783 1.0000440414846734
0.5134342940889106 1.0000657907434383 1.5e-05 1.0000213923812802 1.0000443974123918
0.5135319980459209 1.0000587964415022 1.5e-05 1.0000140419372248 1.0000447538758463
0.5136297020029311 1.0000552870366735 1.5e-05 1.0000101757014825 1.000045110876156
0.5137274059599414 1.0000579587434222 1.5e-05 1.000012489761092 1.0000454684144404
0.5138251099169516 1.0000507327097796 1.5e-05 1.0000049059931369 1.0000458264918184
0.5139228138739619 1.000070660201155 1.5e-05 1.000024473961413 1.0000461851094096
0.5140205178309721 1.0000522109196168 1.5e-05 1.000005666387546 1.0000465442683328
0.5141182217879824 1.0000505021450568 1.5e-05 1.0000035980065884 1.0000469039697075
0.5142159257449926 1.0000496487074604 1.5e-05 1.0000023843801118 1.0000472642146527
0.5143136297020029 1.0000505181013983 1.5e-05 1.0000028929593332 1.000047625004288
0.5144113336590131 1.0000306302477047 1.5e-05 0.9999826447407878 1.0000479863397322
0.5145090376160234 1.000059908876832 1.5e-05 1.000011560095817 1.000048348222105
0.5146067415730337 1.0000467539612112 1.5e-05 0.9999980434039932 1.000048710652525
0.514704445530044 1.0000764036996999 1.5e-05 1.0000273287264678 1.0000490736321122
0.5148021494870543 1.000048302348827 1.5e-05 0.9999988652429411 1.000049437161985
0.5148998534440645 1.0000561153319598 1.5e-05 1.0000063137742627 1.0000498012432633
0.5149975574010748 1.000053865095425 1.5e-05 1.0000036990327938 1.000050165877066
0.515095261358085 1.0000411472348347 1.5e-05 0.9999906166444733 1.0000505310645125
0.5151929653150953 1.0000657796165984 1.5e-05 1.0000148820524277 1.0000508968067217
0.5152906692721055 1.0000798405243136 1.5e-05 1.0000285759546084 1.000051263104813
0.5153883732291158 1.0000514082901666 1.5e-05 0.9999997783417051 1.0000516299599058
0.515486077186126 1.0000474899569738 1.5e-05 0.9999954928182162 1.0000519973731192
0.5155837811431363 1.0000470396357386 1.5e-05 0.9999946745690341 1.0000523653455724
0.5156814851001466 1.0000243469531112 1.5e-05 0.9999716145716002 1.0000527338783847
0.5157791890571568 1.0000504356338835 1.5e-05 0.9999973328028444 1.0000531029726751
0.5158768930141671 1.0000572378026262 1.5e-05 1.0000037649717402 1.0000534726295631
0.5159745969711773 1.0000696650709133 1.5e-05 1.0000158213688777 1.000053842850168
0.5160723009281876 1.0000686151324412 1.5e-05 1.0000144007161174 1.0000542136356085
0.5161700048851978 1.0000483371597488 1.5e-05 0.9999937525137634 1.0000545849870044
0.5162677088422081 1.000050804332353 1.5e-05 0.9999958476550784 1.0000549569054746
0.5163654127992183 1.0000721889044974 1.5e-05 1.0000168585795841 1.0000553293921384
0.5164631167562286 1.0000531003447235 1.5e-05 0.9999973980415439 1.0000557024481151
0.5165608207132388 1.0000484252024207 1.5e-05 0.9999923495569036 1.0000560760745238
0.5166585246702491 1.000077339228346 1.5e-05 1.0000208877767416 1.0000564502724838
0.5167562286272593 1.000072389712533 1.5e-05 1.0000155637850057 1.0000568250431146
0.5168539325842697 1.0000574822805348 1.5e-05 1.0000002818768765 1.0000572003875348
0.51695163654128 1.0000486691323345 1.5e-05 0.9999910933382833 1.000057576306864
0.5170493404982902 1.0000277728485214 1.5e-05 0.9999698217952113 1.0000579528022215
0.5171470444553005 1.0000671759447703 1.5e-05 1.0000088455540836 1.0000583298747265
0.5172447484123107 1.000045261190305 1.5e-05 0.9999865544541617 1.000058707525498
0.517342452369321 1.0000296430359759 1.5e-05 0.9999705590198629 1.0000590857556555
0.5174401563263312 1.0000832382878382 1.5e-05 1.0000237723079102 1.0000594645663181
0.5175378602833415 1.0000695640571244 1.5e-05 1.0000097195168651 1.000059843958605
0.5176355642403517 1.0000431377818053 1.5e-05 0.9999829148771032 1.0000602239336354
0.517733268197362 1.0000423873678115 1.5e-05 0.9999817839792556 1.0000606044925286
0.5178309721543722 1.000074050859879 1.5e-05 1.0000130644267327 1.000060985636404
0.5179286761113825 1.0000481969989514 1.5e-05 0.999986830440752 1.0000613673663805
0.5180263800683927 1.000081193132143 1.5e-05 1.0000194422480129 1.0000617496835773
0.518124084025403 1.0000713800533363 1.5e-05 1.0000092468896893 1.000062132589114
0.5182217879824133 1.0000705655351065 1.5e-05 1.0000080489478085 1.0000625160841095
0.5183194919394235 1.0000689709833488 1.5e-05 1.0000060704318343 1.0000629001696832
0.5184171958964338 1.0000661567917737 1.5e-05 1.0000028717630804 1.0000632848469542
0.518514899853444 1.0000768786259633 1.5e-05 1.0000132076679877 1.0000636701170418
0.5186126038104544 1.000057244339329 1.5e-05 0.9999931887945622 1.0000640559810652
0.5187103077674646 1.0000657318028296 1.5e-05 1.0000012892796015 1.0000644424401437
0.5188080117244749 1.0000761094254365 1.5e-05 1.0000112791988152 1.0000648294953964
0.5189057156814851 1.0000736625444704 1.5e-05 1.0000084448457789 1.0000652171479427
0.5190034196384954 1.0000476794208588 1.5e-05 0.9999820751979209 1.0000656053989017
0.5191011235955056 1.0000584876090206 1.5e-05 0.9999924938549904 1.0000659942493926
0.5191988275525159 1.0000701760048463 1.5e-05 1.0000037920525813 1.0000663837005346
0.5192965315095261 1.0000606531241412 1.5e-05 0.9999938797793644 1.000066773753447
0.5193942354665364 1.0000937860755723 1.5e-05 1.0000266198784147 1.0000671644092491
0.5194919394235467 1.0000616579727426 1.5e-05 0.9999941027020787 1.00006755566906
0.5195896433805569 1.0000655140919503 1.5e-05 0.9999975667232863 1.000067947533999
0.5196873473375672 1.0000798822466008 1.5e-05 1.0000115414526727 1.0000683400051853
0.5197850512945774 1.0000736914156647 1.5e-05 1.0000049579911485 1.0000687330837381
0.5198827552515877 1.0000669475032833 1.5e-05 0.9999978208831419 1.0000691267707766
0.5199804592085979 1.0000581728756035 1.5e-05 0.9999886525970668 1.0000695210674202
0.5200781631656082 1.0000744390018586 1.5e-05 1.000004522710861 1.000069915974788
0.5201758671226184 1.000085899036511 1.5e-05 1.0000155864466056 1.000070311493999
0.5202735710796287 1.0000778945626698 1.5e-05 1.0000071864283615 1.000070707626173
0.5203712750366389 1.000059430789623 1.5e-05 0.9999883272471781 1.0000711043724286
0.5204689789936492 1.0000975552209765 1.5e-05 1.0000260516243547 1.0000715017338855
0.5205666829506594 1.0000501994831839 1.5e-05 0.9999783013316494 1.0000718997116624
0.5206643869076697 1.0000485563058699 1.5e-05 0.999976259715373 1.0000722983068793
0.52076209086468 1.0000871069264734 1.5e-05 1.0000144083583669 1.0000726975206546
0.5208597948216903 1.0000764852089121 1.5e-05 1.000003387607179 1.000073097354108
0.5209574987787006 1.00006525472436 1.5e-05 0.9999917575218055 1.0000734978083587
0.5210552027357108 1.0000574191058653 1.5e-05 0.9999835214390866 1.000073898884526
0.5211529066927211 1.0001091151678698 1.5e-05 1.0000348119975893 1.000074300583729
0.5212506106497313 1.0000764594013745 1.5e-05 1.0000017563630823 1.0000747029070867
0.5213483146067416 1.0000831194751056 1.5e-05 1.0000080130175626 1.0000751058557185
0.5214460185637518 1.000080278067252 1.5e-05 1.0000047682764586 1.0000755094307436
0.5215437225207621 1.0000824362477652 1.5e-05 1.000006522119366 1.0000759136332815
0.5216414264777723 1.0000844204996466 1.5e-05 1.0000081014169078 1.0000763184644512
0.5217391304347826 1.0000877111284348 1.5e-05 1.0000109863601463 1.0000767239253718
0.5218368343917928 1.0000715012470378 1.5e-05 0.9999943716639886 1.000077130017163
0.5219345383488031 1.0000731617719536 1.5e-05 0.9999956253702047 1.0000775367409434
0.5220322423058134 1.0000518267201703 1.5e-05 0.9999738846578746 1.0000779440978325
0.5221299462628236 1.0000666466057748 1.5e-05 0.9999882954339024 1.0000783520889496
0.5222276502198339 1.000082827727656 1.5e-05 1.0000040666919467 1.0000787607154138
0.5223253541768441 1.0000948465699941 1.5e-05 1.0000156753506326 1.0000791699783445
0.5224230581338544 1.000088566186829 1.5e-05 1.0000089855928957 1.0000795798788609
0.5225207620908647 1.0000748796241419 1.5e-05 0.9999948896148418 1.000079990418082
0.522618466047875 1.000061452480029 1.5e-05 0.9999810524063187 1.0000804015971272
0.5227161700048852 1.0000391496632157 1.5e-05 0.9999583396128185 1.0000808134171155
0.5228138739618955 1.0000985032920475 1.5e-05 1.0000172760096218 1.0000812258791667
0.5229115779189057 1.000072799828041 1.5e-05 0.9999911615652024 1.0000816389843994
0.523009281875916 1.0000753252068733 1.5e-05 0.9999932730249069 1.0000820527339331
0.5231069858329263 1.0000844409011636 1.5e-05 1.0000019736095187 1.000082467128887
0.5232046897899365 1.0000617970222316 1.5e-05 0.9999789165992892 1.0000828821703804
0.5233023937469468 1.0000780506897893 1.5e-05 0.9999947532672984 1.0000832978595324
0.523400097703957 1.000114068817609 1.5e-05 1.0000303520792466 1.0000837141974623
0.5234978016609673 1.00009171262715 1.5e-05 1.0000075808040787 1.0000841311852893
0.5235955056179775 1.0000899380170918 1.5e-05 1.0000053887373477 1.0000845488241328
0.5236932095749878 1.0000612276810419 1.5e-05 0.9999762625828302 1.0000849671151115
0.523790913531998 1.000119042961349 1.5e-05 1.0000336540284187 1.0000853860593453
0.5238886174890083 1.0000644619030659 1.5e-05 0.9999786580763707 1.000085805657953
0.5239863214460185 1.0001150632696987 1.5e-05 1.0000288348713318 1.0000862259120538
0.5240840254030288 1.000054918233596 1.5e-05 0.9999682741597722 1.0000866468227672
0.524181729360039 1.0001081507082366 1.5e-05 1.0000210804815808 1.0000870683912122
0.5242794333170493 1.0001117635560117 1.5e-05 1.000024270814035 1.0000874906185082
0.5243771372740595 1.000075546281804 1.5e-05 0.9999876338631801 1.0000879135057743
0.5244748412310698 1.0000946763196563 1.5e-05 1.0000063387055842 1.0000883370541296
0.52457254518808 1.0000969742022014 1.5e-05 1.0000082122085816 1.0000887612646938
0.5246702491450903 1.0000769781326493 1.5e-05 0.9999877930827515 1.0000891861385857
0.5247679531021007 1.0000678729648955 1.5e-05 0.9999782632358389 1.0000896116769245
0.5248656570591109 1.0000702703410154 1.5e-05 0.9999802342398529 1.0000900378808295
0.5249633610161212 1.000098580608852 1.5e-05 1.0000081151232993 1.0000904647514202
0.5250610649731314 1.0000896154397325 1.5e-05 0.9999987232659622 1.0000908922898155
0.5251587689301417 1.0000828552086516 1.5e-05 0.9999915354845005 1.000091320497135
0.5252564728871519 1.0001062522251705 1.5e-05 1.0000145015201676 1.0000917493744974
0.5253541768441622 1.0000998006441604 1.5e-05 1.0000076210186408 1.0000921789230222
0.5254518808011724 1.0000812761534918 1.5e-05 0.9999886680591045 1.0000926091438287
0.5255495847581827 1.000075020338853 1.5e-05 0.9999819819772148 1.000093040038036
0.525647288715193 1.0001013212664955 1.5e-05 1.0000078489260804 1.0000934716067633
0.5257449926722032 1.0000858393433845 1.5e-05 0.9999919362494716 1.00009390385113
0.5258426966292135 1.0000958249855731 1.5e-05 1.000001488072938 1.0000943367722552
0.5259404005862237 1.0001184170966442 1.5e-05 1.0000236444845894 1.0000947703712582
0.526038104543234 1.000102740290219 1.5e-05 1.000007534923601 1.0000952046492582
0.5261358085002442 1.0000827043653748 1.5e-05 0.9999870659950038 1.0000956396073741
0.5262335124572545 1.0000984853961066 1.5e-05 1.0000024099178473 1.0000960752467258
0.5263312164142648 1.0000822205150208 1.5e-05 0.9999857103257078 1.000096511568432
0.5264289203712751 1.00012107874511 1.5e-05 1.0000241278323392 1.000096948573612
0.5265266243282853 1.0000889617617903 1.5e-05 0.9999915763187559 1.0000973862633853
0.5266243282852956 1.0001009340042182 1.5e-05 1.0000031090612047 1.0000978246388708
0.5267220322423058 1.000102880143392 1.5e-05 1.0000046159886202 1.0000982637011877
0.5268197361993161 1.0001010924442597 1.5e-05 1.0000023887570255 1.0000987034514557
0.5269174401563264 1.000069762743794 1.5e-05 0.999970621765673 1.0000991438907936
0.5270151441133366 1.0000778865437328 1.5e-05 0.9999783036840403 1.0000995850203205
0.5271128480703469 1.000093240908315 1.5e-05 0.9999932147458664 1.0001000268411562
0.5272105520273571 1.000105261313316 1.5e-05 1.0000047914774999 1.0001004693544193
0.5273082559843674 1.0000988456644604 1.5e-05 0.9999979333117857 1.0001009125612295
0.5274059599413776 1.000086997795412 1.5e-05 0.9999856427879027 1.0001013564627057
0.5275036638983879 1.0000815726361152 1.5e-05 0.9999797736352132 1.0001018010599674
0.5276013678553981 1.000096222375099 1.5e-05 0.9999939766368325 1.0001022463541336
0.5276990718124084 1.0000956644840195 1.5e-05 0.9999929728593298 1.0001026923463234
0.5277967757694186 1.0001108323779222 1.5e-05 1.000007692546864 1.0001031390376565
0.5278944797264289 1.000098691145287 1.5e-05 0.9999951052230677 1.0001035864292518
0.5279921836834391 1.0001130760776114 1.5e-05 1.0000090406148465 1.0001040345222287
0.5280898876404494 1.0000955626391956 1.5e-05 0.9999910802534542 1.0001044833177062
0.5281875915974596 1.00010109304889 1.5e-05 0.9999961606349618 1.0001049328168037
0.5282852955544699 1.0001001617747731 1.5e-05 0.9999947793043054 1.0001053830206403
0.5283829995114802 1.0000951287626532 1.5e-05 0.999989295965168 1.0001058339303353
0.5284807034684904 1.000120501161886 1.5e-05 1.0000142141041244 1.000106285547008
0.5285784074255007 1.0001045550574208 1.5e-05 0.9999978174186075 1.0001067378717774
0.5286761113825109 1.000115506694121 1.5e-05 1.0000083148970769 1.0001071909057628
0.5287738153395213 1.000129508211021 1.5e-05 1.0000218612076952 1.0001076446500838
0.5288715192965315 1.0001189665006176 1.5e-05 1.00001086622013 1.000108099105859
0.5289692232535418 1.0001418254684142 1.5e-05 1.0000332675828676 1.0001085542742083
0.529066927210552 1.0001446701092933 1.5e-05 1.0000356560661698 1.0001090101562502
0.5291646311675623 1.0001584717012475 1.5e-05 1.0000489995843176 1.0001094667531045
0.5292623351245725 1.0001726190609266 1.5e-05 1.0000626881041048 1.0001099240658904
0.5293600390815828 1.0001709782751005 1.5e-05 1.0000605894913788 1.0001103820957267
0.529457743038593 1.0001893490545837 1.5e-05 1.0000784995098988 1.000110840843733
0.5295554469956033 1.000222148674732 1.5e-05 1.0001108360276194 1.0001113003110282
0.5296531509526136 1.000212175726035 1.5e-05 1.0001004040061015 1.0001117604987317
0.5297508549096238 1.0002399611719004 1.5e-05 1.0001277254304097 1.000112221407963
0.5298485588666341 1.000238361419814 1.5e-05 1.0001256642197467 1.000112683039841
0.5299462628236443 1.000255322818235 1.5e-05 1.0001421613378492 1.000113145395485
0.5300439667806546 1.0002427984237034 1.5e-05 1.0001291752722834 1.0001136084760143
0.5301416707376648 1.0002668609173238 1.5e-05 1.0001527712078155 1.000114072282548
0.5302393746946752 1.0002783321135091 1.5e-05 1.0001637765388607 1.0001145368162052
0.5303370786516854 1.0002783381173506 1.5e-05 1.000163317257421 1.0001150020781056
0.5304347826086957 1.000286564049318 1.5e-05 1.0001710762261085 1.000115468069368
0.530532486565706 1.0002881099637988 1.5e-05 1.0001721552139082 1.0001159347911117
0.5306301905227162 1.0003446549768111 1.5e-05 1.0002282261663171 1.000116402244456
