sim_data/sim_data_baseline.ecsv
# %ECSV 0.9
# ---
# datatype:
# - {name: Time (days), datatype: float64}
# - {name: Flux, datatype: float64}
# - {name: Flux err, datatype: float64}
# - {name: Flux before Baseline, datatype: float64}
# - {name: Baseline, datatype: float64}
# meta:
#   Amplitude: 0.001
#   M_planet: 0.0
#   M_planet_units: Msun
#   M_star: 1.0
#   M_star_units: Msun
#   Period: 1.0
#   Period_units: days
#   R_star: 1.0
#   b_impact: !astropy.units.Quantity
#     unit: !astropy.units.Unit {unit: ''}
#     value: 0.512860118872354
#   baseline_c: [0.0002, 0.0002, 0.0003, 1.0]
#   dur_14: 0.07484685034248201
#   dur_23: 0.05665970843307687
#   inc: 83
#   inc_units: deg
#   prot_star: 1.0
#   rp: 0.1
#   rp_units: Rsun
#   t0: 0.0
#   y_input: [0.212587193559822, 0.1875962015746607, 0.10421312437579247, 0.1048652652063154, 0.07396204094643963, -0.10988426114539027,
#     -0.0061783184460587155, -0.06551775984748415, 0.12105423789196276, 0.15378327548573822, -0.04586185856263464, 0.05546885463911624,
#     0.12380765335963172, 0.04624802712083938, -0.10450553441687424]
# schema: astropy-2.0
"Time (days)" Flux "Flux err" "Flux before Baseline" Baseline
[from data line 574]
0.4560820713238886 1.0010812955178041 1.5e-05 1.0011915464710988 0.9998898802594935
0.45617977528089887 1.0010671745864284 1.5e-05 1.0011771891995325 0.9998901147426341
0.4562774792379091 1.001060732200261 1.5e-05 1.001170511442243 0.9998903491056444
0.45637518319491943 1.0010562256644915 1.5e-05 1.001165769869482 0.9998905833496438
0.4564728871519297 1.0010712159798094 1.5e-05 1.0011805273970193 0.9998908174757513
0.45657059110893994 1.00109035882272 1.5e-05 1.0011994380146243 0.9998910514850862
0.4566682950659502 1.0010442733330678 1.5e-05 1.0011531133145772 0.9998912853787678
0.45676599902296044 1.0010638324808714 1.5e-05 1.0011724405102898 0.9998915191579154
0.4568637029799707 1.0010568170051328 1.5e-05 1.0011651903100458 0.9998917528236481
0.45696140693698095 1.0010858675286063 1.5e-05 1.00119401012088 0.9998919863770851
0.4570591108939912 1.0010659627749092 1.5e-05 1.0011738694754277 0.9998922198193456
0.45715681485100146 1.0010673996435018 1.5e-05 1.0011750728673363 0.9998924531515491
0.4572545188080117 1.0010713863223715 1.5e-05 1.001178826451697 0.9998926863748144
0.45735222276502197 1.0010815020103483 1.5e-05 1.0011887098077394 0.999892919490261
0.4574499267220323 1.0010691180750626 1.5e-05 1.0011760912384642 0.9998931524990082
0.4575476306790425 1.0010294973059881 1.5e-05 1.001136233042842 0.999893385402175
0.4576453346360528 1.001083514537167 1.5e-05 1.0011900229330668 0.9998936182008807
0.45774303859306303 1.001082131663851 1.5e-05 1.0011884069159354 0.9998938508962447
0.4578407425500733 1.0010724347932058 1.5e-05 1.0011784761238987 0.999894083489386
0.45793844650708354 1.0010596494199693 1.5e-05 1.0011654566086834 0.9998943159814239
0.4580361504640938 1.0010813649378192 1.5e-05 1.0011869417292776 0.9998945483734776
0.45813385442110405 1.0010819571208414 1.5e-05 1.0011873013812347 0.9998947806666664
0.4582315583781143 1.0010693996802866 1.5e-05 1.0011745101266338 0.9998950128621095
0.4583292623351246 1.0010733789030526 1.5e-05 1.0011782573705235 0.999895244960926
0.45842696629213486 1.0010628586020618 1.5e-05 1.0011675036688543 0.9998954769642353
0.4585246702491451 1.0010743107475784 1.5e-05 1.00117872480496 0.9998957088731566
0.45862237420615537 1.0010539149555548 1.5e-05 1.0011580947772907 0.999895940688809
0.4587200781631656 1.0010836076380965 1.5e-05 1.0011875585271217 0.9998961724123119
0.4588177821201759 1.0010633638359783 1.5e-05 1.0011670806960333 0.9998964040447844
0.45891548607718613 1.001081278325277 1.5e-05 1.0011847652004902 0.9998966355873458
0.4590131900341964 1.001056798992292 1.5e-05 1.00116005159073 0.9998968670411151
0.45911089399120664 1.001069215284454 1.5e-05 1.0011722375023482 0.999897098407212
0.4592085979482169 1.0010765869095353 1.5e-05 1.0011793783099205 0.9998973296867553
0.45930630190522714 1.0010535148430406 1.5e-05 1.0011560723892137 0.9998975608808642
0.4594040058622374 1.0010803284049665 1.5e-05 1.0011826572913558 0.9998977919906583
0.4595017098192477 1.0010730931731173 1.5e-05 1.0011751899981909 0.9998980230172566
0.45959941377625796 1.001052825435339 1.5e-05 1.0011546889585876 0.9998982539617783
0.4596971177332682 1.001059589645363 1.5e-05 1.0011612227017457 0.9998984848253427
0.45979482169027847 1.001088390238833 1.5e-05 1.0011897951374398 0.999898715609069
0.4598925256472887 1.0010929242667477 1.5e-05 1.0011940986207382 0.9998989463140764
0.459990229604299 1.0010776916558717 1.5e-05 1.0011786335478268 0.9998991769414841
0.4600879335613092 1.0010859185790795 1.5e-05 1.0011866304528008 0.9998994074924115
0.4601856375183195 1.0010833826320653 1.5e-05 1.0011838634790322 0.9998996379679775
0.4602833414753298 1.001085146595653 1.5e-05 1.001185396922078 0.9998998683693017
0.46038104543234004 1.0010996678880597 1.5e-05 1.0011996890410544 0.9999000986975031
0.4604787493893503 1.0010579545208995 1.5e-05 1.0011577409604515 0.999900328953701
0.46057645334636055 1.0010908802154879 1.5e-05 1.0011904394547977 0.9999005591390144
0.4606741573033708 1.0010751816994665 1.5e-05 1.001174508968814 0.9999007892545629
0.46077186126038105 1.001077724549282 1.5e-05 1.0011768217304533 0.9999010193014656
0.4608695652173913 1.0010767315215106 1.5e-05 1.0011755983318495 0.9999012492808417
0.46096726917440156 1.0010758147723757 1.5e-05 1.001174451286453 0.9999014791938102
0.4610649731314118 1.0010632267813915 1.5e-05 1.0011616319178154 0.9999017090414907
0.46116267708842207 1.0010845441142646 1.5e-05 1.0011827212682998 0.9999019388250022
0.4612603810454323 1.0011070322579478 1.5e-05 1.0012049815975863 0.999902168545464
0.4613580850024426 1.0010813048101352 1.5e-05 1.0011790216807734 0.9999023982039953
0.4614557889594529 1.0010823019997226 1.5e-05 1.0011797890766632 0.9999026278017153
0.46155349291646314 1.0010721902318445 1.5e-05 1.0011694464952448 0.9999028573397433
0.4616511968734734 1.0010809126047053 1.5e-05 1.0011779399434135 0.9999030868191985
0.46174890083048364 1.0010898421034822 1.5e-05 1.001186640591155 0.9999033162412
0.4618466047874939 1.0010774728091991 1.5e-05 1.0011740404436904 0.9999035456068672
0.46194430874450415 1.0010763950286339 1.5e-05 1.0011727329576403 0.9999037749173193
0.4620420127015144 1.0010894252440437 1.5e-05 1.0011855348767682 0.9999040041736755
0.46213971665852466 1.0010697834255908 1.5e-05 1.0011656616800184 0.9999042333770549
0.46223742061553497 1.0010875144883833 1.5e-05 1.0011831649963983 0.999904462528577
0.4623351245725452 1.0010962061791655 1.5e-05 1.0011916281219395 0.9999046916293608
0.4624328285295555 1.00110447484058 1.5e-05 1.0011996682236928 0.9999049206805255
0.4625305324865657 1.0010828968815784 1.5e-05 1.0011778589186795 0.9999051496831906
0.462628236443576 1.0011042501579477 1.5e-05 1.001198984969063 0.999905378638475
0.46272594040058623 1.0010967017253867 1.5e-05 1.001191206618803 0.999905607547498
0.4628236443575965 1.0010625623055234 1.5e-05 1.001156834825863 0.999905836411379
0.46292134831460674 1.0010547157193055 1.5e-05 1.0011487583964227 0.9999060652312372
0.463019052271617 1.0010632062427267 1.5e-05 1.0011570206543032 0.9999062940081915
0.46311675622862725 1.001077431289747 1.5e-05 1.0011710180099365 0.9999065227433616
0.4632144601856375 1.0010546291384386 1.5e-05 1.0011479847484992 0.9999067514378664
0.46331216414264775 1.0010399728698542 1.5e-05 1.0011330981777162 0.9999069800928253
0.46340986809965806 1.0010651318852402 1.5e-05 1.0011580306310397 0.9999072087093573
0.4635075720566683 1.0010386596713823 1.5e-05 1.0011313271015043 0.9999074372885819
0.46360527601367857 1.0009917258407481 1.5e-05 1.0010841601141525 0.9999076658316182
0.4637029799706888 1.001023158891212 1.5e-05 1.0011153672832669 0.9999078943395854
0.4638006839276991 1.0010177899949917 1.5e-05 1.0011097691438555 0.9999081228136028
0.46389838788470933 1.0010046991450958 1.5e-05 1.0010964483784246 0.9999083512547894
0.4639960918417196 1.0009991392081226 1.5e-05 1.0010906592522928 0.9999085796642647
0.46409379579872984 1.0009822318059198 1.5e-05 1.0010735216593127 0.9999088080431479
0.46419149975574014 1.000954093662408 1.5e-05 1.0010451523406771 0.9999090363925581
0.4642892037127504 1.0009587256486046 1.5e-05 1.0010495561667694 0.9999092647136146
0.46438690766976065 1.0009403208606686 1.5e-05 1.0010309211588058 0.9999094930074366
0.4644846116267709 1.0009305402788375 1.5e-05 1.0010209111702528 0.9999097212751433
0.46458231558378116 1.000915427224598 1.5e-05 1.0010055682586505 0.999909949517854
0.4646800195407914 1.000930820701505 1.5e-05 1.0010207346495137 0.9999101777366879
0.46477772349780166 1.0009149907885353 1.5e-05 1.001004674868679 0.9999104059327641
0.4648754274548119 1.0008961194640318 1.5e-05 1.0009855734334796 0.999910634107202
0.46497313141182217 1.0008822549825587 1.5e-05 1.0009714793169076 0.9999108622611208
0.4650708353688324 1.0008806326884057 1.5e-05 1.0009696285020526 0.9999110903956396
0.4651685393258427 1.0008859997608195 1.5e-05 1.0009747676927911 0.9999113185118779
0.46526624328285293 1.000828423415558 1.5e-05 1.0009169579126385 0.9999115466109545
0.46536394723986324 1.0008526503739965 1.5e-05 1.0009409586963764 0.999911774693989
0.4654616511968735 1.000827170713021 1.5e-05 1.0009152484902597 0.9999120027621005
0.46555935515388375 1.0007952923982593 1.5e-05 1.0008831390942485 0.9999122308164081
0.465657059110894 1.0007824244155925 1.5e-05 1.000870041722007 0.9999124588580313
0.46575476306790425 1.0007858115587869 1.5e-05 1.000873200912587 0.999912686888089
0.4658524670249145 1.0007905353138105 1.5e-05 1.00087769684042 0.9999129149077007
0.46595017098192476 1.0007807253120728 1.5e-05 1.0008676577563083 0.9999131429179855
0.466047874938935 1.0007481791851458 1.5e-05 1.0008348805900205 0.9999133709200626
0.4661455788959453 1.0007647950693133 1.5e-05 1.000851269704888 0.9999135989150514
0.4662432828529556 1.0007580075508125 1.5e-05 1.0008442533986708 0.9999138269040708
0.46634098680996583 1.0007295737225268 1.5e-05 1.0008155889301682 0.9999140548882404
0.4664386907669761 1.0007015752056247 1.5e-05 1.0007873598271713 0.9999142828686791
0.46653639472398634 1.000713966658934 1.5e-05 1.0007995241630714 0.9999145108465064
0.4666340986809966 1.0006949314371638 1.5e-05 1.0007802591401354 0.9999147388228413
0.46673180263800684 1.0006829540587021 1.5e-05 1.0007680525698677 0.9999149667988032
0.4668295065950171 1.0006462831371175 1.5e-05 1.0007311503669771 0.9999151947755113
0.46692721055202735 1.0005996421507548 1.5e-05 1.0006842772709572 0.9999154227540846
0.4670249145090376 1.0006597760173688 1.5e-05 1.0007441880534411 0.9999156507356426
0.46712261846604786 1.0005895780836813 1.5e-05 1.0006737560395964 0.9999158787213045
0.4672203224230581 1.0005987578759064 1.5e-05 1.0006827084383725 0.9999161067121893
0.4673180263800684 1.000620400909882 1.5e-05 1.0007041251112976 0.9999163347094165
0.46741573033707867 1.0005748933272312 1.5e-05 1.0006583855470292 0.9999165627141051
0.4675134342940889 1.0005692600327145 1.5e-05 1.0006525236013541 0.9999167907273746
0.4676111382510992 1.000517422301548 1.5e-05 1.0006004533775759 0.9999170187503439
0.46770884220810943 1.0004980755940838 1.5e-05 1.0005808768793811 0.9999172467841324
0.4678065461651197 1.0005013807856338 1.5e-05 1.0005839541466897 0.9999174748298594
0.46790425012212994 1.0005102156479107 1.5e-05 1.0005925615253686 0.999917702888644
0.4680019540791402 1.000473003323623 1.5e-05 1.0005551179200116 0.9999179309616054
0.4680996580361505 1.00045047828659 1.5e-05 1.000532362805805 0.9999181590498629
0.46819736199316075 1.0004494297353892 1.5e-05 1.0005310859242869 0.9999183871545357
0.468295065950171 1.0004466198550424 1.5e-05 1.0005280475533032 0.9999186152767431
0.46839276990718126 1.0003925248723529 1.5e-05 1.0004737199002367 0.9999188434176043
0.4684904738641915 1.0003797250281408 1.5e-05 1.0004606907328764 0.9999190715782383
0.46858817782120177 1.0003696233174022 1.5e-05 1.0004503599017898 0.9999192997597647
0.468685881778212 1.0003813351824506 1.5e-05 1.0004618443847064 0.9999195279633025
0.4687835857352223 1.0003518058334961 1.5e-05 1.000432084315617 0.999919756189971
0.46888128969223253 1.0003635422126347 1.5e-05 1.0004435932661087 0.9999199844408893
0.4689789936492428 1.0003288090404585 1.5e-05 1.0004086289266734 0.9999202127171768
0.46907669760625303 1.0002973720628965 1.5e-05 1.0003769610335793 0.9999204410199526
0.4691744015632633 1.000299954911695 1.5e-05 1.0003793156527163 0.9999206693503359
0.46927210552027354 1.000267195259265 1.5e-05 1.0003463249449154 0.999920897709446
0.46936980947728385 1.0002364694846726 1.5e-05 1.0003153682605954 0.9999211260984022
0.4694675134342941 1.0002402544739881 1.5e-05 1.0003189250376776 0.9999213545183236
0.46956521739130436 1.0002026373633888 1.5e-05 1.0002810764342382 0.9999215829703296
0.4696629213483146 1.0001917849046227 1.5e-05 1.0002699945595652 0.9999218114555392
0.46976062530532486 1.00019917075318 1.5e-05 1.0002771523849152 0.9999220399750717
0.4698583292623351 1.0001609323536642 1.5e-05 1.0002386823767497 0.9999222685300464
0.46995603321934537 1.0001337093038096 1.5e-05 1.000211228553048 0.9999224971215824
0.4700537371763557 1.000122233095208 1.5e-05 1.0001995227623806 0.9999227257507991
0.47015144113336593 1.0001281364432193 1.5e-05 1.00020519783399 0.9999229544188155
0.4702491450903762 1.0000883436566295 1.5e-05 1.0001651732179686 0.9999231831267511
0.47034684904738644 1.000074896012443 1.5e-05 1.0001514957394928 0.9999234118757249
0.4704445530043967 1.0000574035694303 1.5e-05 1.0001337731174 0.9999236406668562
0.47054225696140695 1.0000525149451402 1.5e-05 1.0001286552384634 0.9999238695012642
0.4706399609184172 1.0000290678731218 1.5e-05 1.000104977461013 0.9999240983800682
0.47073766487542745 0.9999963731576348 1.5e-05 1.0000720513055639 0.9999243273043874
0.4708353688324377 0.9999931656354313 1.5e-05 1.0000686145366264 0.999924556275341
0.47093307278944796 0.9999791576913959 1.5e-05 1.0000543764872591 0.9999247852940483
0.4710307767464582 0.9999991659229245 1.5e-05 1.0000741571220153 0.9999250143616283
0.47112848070346847 0.9999808745607159 1.5e-05 1.0000556352406125 0.9999252434792005
0.4712261846604787 0.9999665873367882 1.5e-05 1.0000411177533015 0.999925472647884
0.47132388861748903 0.9999403771284453 1.5e-05 1.0000146763500728 0.9999257018687979
0.4714215925744993 0.999927190933959 1.5e-05 1.0000012598842154 0.9999259311430617
0.47151929653150954 0.999924878189299 1.5e-05 0.9999987176228143 0.9999261604717945
0.4716170004885198 0.999911910333135 1.5e-05 0.9999855194111013 0.9999263898561155
0.47171470444553004 0.9999640745543228 1.5e-05 1.0000374580058737 0.9999266192971439
0.4718124084025403 0.9998931714349932 1.5e-05 0.9999663201752744 0.999926848795999
0.47191011235955055 0.9999355378648995 1.5e-05 1.0000084601280261 0.9999270783537999
0.47200781631656086 0.9999080410878469 1.5e-05 0.9999807317155301 0.9999273079716661
0.4721055202735711 0.9999259726117588 1.5e-05 0.9999984348476276 0.9999275376507165
0.47220322423058136 0.9999129484334224 1.5e-05 0.9999851799708626 0.9999277673920705
0.4723009281875916 0.9999103340342987 1.5e-05 0.9999823355655627 0.9999279971968472
0.47239863214460187 0.9999111253491806 1.5e-05 0.9999828970554859 0.9999282270661661
0.4724963361016121 0.9999547799100976 1.5e-05 1.000026324792306 0.9999284570011462
0.4725940400586224 0.9999266923188291 1.5e-05 0.9999980051736653 0.9999286870029067
0.47269174401563263 0.999917432356075 1.5e-05 0.9999885144670828 0.9999289170725669
0.4727894479726429 0.9999374834250214 1.5e-05 1.0000083368044612 0.999929147211246
0.47288715192965314 0.9999295326488183 1.5e-05 1.0000001552397184 0.9999293774200634
0.4729848558866634 0.9999404074462557 1.5e-05 1.0000108005063901 0.9999296077001381
0.47308255984367364 0.9999024761226513 1.5e-05 0.999972636150161 0.9999298380525893
0.4731802638006839 0.999934622218631 1.5e-05 1.000004554058567 0.9999300684785364
0.4732779677576942 0.9999418885937909 1.5e-05 1.0000115904225566 0.9999302989790986
0.47337567171470446 0.9999056073125079 1.5e-05 0.9999750760256333 0.999930529555395
0.4734733756717147 0.9999374826723172 1.5e-05 1.0000067229292664 0.999930760208545
0.47357107962872497 0.9999564319074816 1.5e-05 1.0000254427235924 0.9999309909396676
0.4736687835857352 0.9999309988996602 1.5e-05 0.9999997771344497 0.9999312217498822
0.4737664875427455 0.9999437728847854 1.5e-05 1.0000123210890555 0.999931452640308
0.4738641914997557 0.9999417414816546 1.5e-05 1.0000100585567546 0.9999316836120642
0.47396189545676604 0.9999213028033689 1.5e-05 0.9999893874145374 0.9999319146662701
0.4740595994137763 0.9999327422645885 1.5e-05 1.0000005965010188 0.9999321458040448
0.47415730337078654 0.9999088736953172 1.5e-05 0.9999764950793371 0.9999323770265075
0.4742550073277968 0.999925839245432 1.5e-05 0.9999932304544434 0.9999326083347776
0.47435271128480705 0.9999368247819437 1.5e-05 1.0000039853196245 0.9999328397299743
0.4744504152418173 0.9999439169946791 1.5e-05 1.000010846507406 0.9999330712132166
0.47454811919882756 0.9999336719428792 1.5e-05 1.0000003691818786 0.999933302785624
