sim_data/sim_data_baseline_hd189_ncF444W.ecsv
# %ECSV 0.9
# ---
# datatype:
# - {name: Time (days), datatype: float64}
# - {name: Flux, datatype: float64}
# - {name: Flux err, datatype: float64}
# - {name: Flux before Baseline, datatype: float64}
# - {name: Baseline, datatype: float64}
# meta:
#   Amplitude: 0.0014619
#   M_star: 0.812
#   Period: 2.218577
#   R_star: 0.765
#   b_impact: !astropy.units.Quantity
#     unit: !astropy.units.Unit {unit: ''}
#     value: 0.6560793167814927
#   baseline_c: [0.0002, 0.0003, 1.0]
#   dur_14: 0.0813600683727827
#   dur_23: 0.03763374757593967
#   inc: 85.69
#   prot_star: 1.0
#   rp: 0.1504
#   t0: 0.0
#   y_input: [0.212587193559822, 0.1875962015746607, 0.10421312437579247, 0.1048652652063154, 0.07396204094643963, -0.10988426114539027,
#     -0.0061783184460587155, -0.06551775984748415, 0.12105423789196276, 0.15378327548573822, -0.04586185856263464, 0.05546885463911624,
#     0.12380765335963172, 0.04624802712083938, -0.10450553441687424]
# schema: astropy-2.0
"Time (days)" Flux "Flux err" "Flux before Baseline" Baseline
[from data line 167]
1.0620531129541864 1.001541747762715 4.58530260724415e-05 1.0016389894052957 0.9999029174746499
1.062369068720379 1.0016672646888374 4.58530260724415e-05 1.0017641649690745 0.9999032703667932
1.0626850244865718 1.0016275523260676 4.58530260724415e-05 1.0017240912294187 0.9999036272520583
1.0630009802527645 1.0016554706802678 4.58530260724415e-05 1.0017516507290838 0.9999039881304453
1.0633169360189572 1.0016280972923366 4.58530260724415e-05 1.0017239091771202 0.9999043530019541
1.0636328917851499 1.0016530059584978 4.58530260724415e-05 1.0017484506810301 0.9999047218665849
1.0639488475513428 1.0015841139981962 4.58530260724415e-05 1.0016791786367703 0.9999050947243373
1.0642648033175355 1.0015667890814168 4.58530260724415e-05 1.0016614745627783 0.9999054715752117
1.0645807590837282 1.0016457069661675 4.58530260724415e-05 1.0017400183654792 0.9999058524192079
1.0648967148499209 1.001577874272968 4.58530260724415e-05 1.0016717937686126 0.999906237256326
1.0652126706161136 1.0015833513084027 4.58530260724415e-05 1.0016768817988528 0.9999066260865659
1.0655286263823063 1.0015943412865997 4.58530260724415e-05 1.0016874792803352 0.9999070189099276
1.065844582148499 1.0016162927459011 4.58530260724415e-05 1.001709035249277 0.9999074157264113
1.066160537914692 1.0015995294831022 4.58530260724415e-05 1.001691868909422 0.9999078165360167
1.0664764936808846 1.0015529919903303 4.58530260724415e-05 1.0016449216202905 0.999908221338744
1.0667924494470773 1.0015867988012026 4.58530260724415e-05 1.0016783220146661 0.9999086301345932
1.06710840521327 1.0015146474129073 4.58530260724415e-05 1.0016057505437181 0.9999090429235642
1.0674243609794627 1.0016455378794131 4.58530260724415e-05 1.001736235373018 0.999909459705657
1.0677403167456554 1.0015437068404078 4.58530260724415e-05 1.0016339736124524 0.9999098804808717
1.0680562725118483 1.0015668161987816 4.58530260724415e-05 1.0016566595432383 0.9999103052492082
1.068372228278041 1.0016201381234318 4.58530260724415e-05 1.001709556718037 0.9999107340106667
1.0686881840442337 1.001583615673118 4.58530260724415e-05 1.0016725974901166 0.9999111667652468
1.0690041398104264 1.0016830589220436 4.58530260724415e-05 1.001771612013373 0.9999116035129489
1.0693200955766191 1.0015445635767521 4.58530260724415e-05 1.0016326629250651 0.9999120442537729
1.0696360513428118 1.001605281160428 4.58530260724415e-05 1.0016929403236308 0.9999124889877187
1.0699520071090045 1.0015785725114996 4.58530260724415e-05 1.0016657798233115 0.9999129377147863
1.0702679628751974 1.0015126044510703 4.58530260724415e-05 1.001599352535322 0.9999133904349757
1.0705839186413901 1.0015746203280864 4.58530260724415e-05 1.0016609162724726 0.9999138471482871
1.0708998744075828 1.001526094249358 4.58530260724415e-05 1.0016119245239083 0.9999143078547202
1.0712158301737755 1.0015516867842176 4.58530260724415e-05 1.001637053751852 0.9999147725542753
1.0715317859399682 1.0015355325685682 4.58530260724415e-05 1.0016204286671293 0.9999152412469521
1.071847741706161 1.0015776701087191 4.58530260724415e-05 1.001662096267526 0.9999157139327508
1.0721636974723538 1.0015198039958453 4.58530260724415e-05 1.0016037477932955 0.9999161906116714
1.0724796532385465 1.0014210381503985 4.58530260724415e-05 1.0015044922340912 0.9999166712837138
1.0727956090047392 1.001405896418763 4.58530260724415e-05 1.001488863813395 0.9999171559488781
1.073111564770932 1.001445721141781 4.58530260724415e-05 1.0015282023903251 0.9999176446071641
1.0734275205371246 1.001403349325795 4.58530260724415e-05 1.0014853336607084 0.9999181372585721
1.0737434763033173 1.001380273339977 4.58530260724415e-05 1.0014617583744487 0.9999186339031019
1.07405943206951 1.0012540553811944 4.58530260724415e-05 1.0013350287981577 0.9999191345407535
1.074375387835703 1.001304024768093 4.58530260724415e-05 1.0013844968558805 0.999919639171527
1.0746913436018957 1.001247956063979 4.58530260724415e-05 1.0013279143054414 0.9999201477954224
1.0750072993680884 1.0012710096398871 4.58530260724415e-05 1.0013504563720992 0.9999206604124395
1.075323255134281 1.0012297997314092 4.58530260724415e-05 1.0013087258665 0.9999211770225787
1.0756392109004738 1.0012519125242518 4.58530260724415e-05 1.0013303190655536 0.9999216976258395
1.0759551666666665 1.0012003738219397 4.58530260724415e-05 1.001278251019241 0.9999222222222223
1.0762711224328592 1.0011973040347548 4.58530260724415e-05 1.0012746516888364 0.9999227508117268
1.076587078199052 1.0011150656043484 4.58530260724415e-05 1.0011918736464958 0.9999232833943532
1.0769030339652448 1.0010681268438106 4.58530260724415e-05 1.0011443940536824 0.9999238199701015
1.0772189897314375 1.0010673857544194 4.58530260724415e-05 1.0011431116797993 0.9999243605389716
1.0775349454976302 1.0010599389274184 4.58530260724415e-05 1.0011351190681066 0.9999249051009635
1.0778509012638229 1.0010524077177885 4.58530260724415e-05 1.0011270380782793 0.9999254536560774
1.0781668570300156 1.0011126823686272 4.58530260724415e-05 1.0011867639774854 0.999926006204313
1.0784828127962085 1.0009809851741278 4.58530260724415e-05 1.0010544998680322 0.9999265627456706
1.0787987685624012 1.0009126723426995 4.58530260724415e-05 1.0009856208913672 0.99992712328015
1.079114724328594 1.0009139605433797 4.58530260724415e-05 1.00098634406033 0.9999276878077511
1.0794306800947866 1.0008816227384156 4.58530260724415e-05 1.0009534348128555 0.9999282563284742
1.0797466358609793 1.0008977333279947 4.58530260724415e-05 1.0009689734486376 0.9999288288423192
1.080062591627172 1.0007775069027713 4.58530260724415e-05 1.0008481614291453 0.9999294053492859
1.080378547393365 1.000823254827397 4.58530260724415e-05 1.0008933315238704 0.9999299858493744
1.0806945031595576 1.000799432748674 4.58530260724415e-05 1.0008689227350969 0.9999305703425849
1.0810104589257503 1.000774499940744 4.58530260724415e-05 1.0008433991724135 0.9999311588289171
1.081326414691943 1.0007077560609092 4.58530260724415e-05 1.0007760577174618 0.9999317513083713
1.0816423704581357 1.0006952119445922 4.58530260724415e-05 1.00076291577659 0.9999323477809473
1.0819583262243284 1.0006114953302119 4.58530260724415e-05 1.0006785925843893 0.9999329482466451
1.0822742819905211 1.0006245316456346 4.58530260724415e-05 1.000691024856902 0.9999335527054648
1.082590237756714 1.00059232363913 4.58530260724415e-05 1.0006582058172329 0.9999341611574064
1.0829061935229067 1.0006060663853902 4.58530260724415e-05 1.0006713365717865 0.9999347736024697
1.0832221492890994 1.0005034853338495 4.58530260724415e-05 1.0005681320001798 0.999935390040655
1.0835381050552921 1.0005615707549216 4.58530260724415e-05 1.0006256003148284 0.999936010471962
1.0838540608214848 1.0005633087994996 4.58530260724415e-05 1.0006267136148819 0.999936634896391
1.0841700165876775 1.000368721660575 4.58530260724415e-05 1.0004314854165983 0.9999372633139417
1.0844859723538702 1.0004518696634714 4.58530260724415e-05 1.0005140058608186 0.9999378957246143
1.0848019281200632 1.000431954966409 4.58530260724415e-05 1.0004934531695162 0.9999385321284088
1.0851178838862559 1.0003402388354212 4.58530260724415e-05 1.000401090707431 0.9999391725253252
1.0854338396524486 1.0003198159972209 4.58530260724415e-05 1.000380021952751 0.9999398169153633
1.0857497954186413 1.0003005971072354 4.58530260724415e-05 1.0003601532503283 0.9999404652985233
1.086065751184834 1.000261872919746 4.58530260724415e-05 1.0003207741328677 0.9999411176748052
1.0863817069510266 1.0002304704445644 4.58530260724415e-05 1.0002887132109581 0.9999417740442088
1.0866976627172196 1.000137290031169 4.58530260724415e-05 1.00019486684206 0.9999424344067344
1.0870136184834123 1.0002369752079758 4.58530260724415e-05 1.000293893168479 0.9999430987623817
1.087329574249605 1.0002042938241986 4.58530260724415e-05 1.000260541364041 0.9999437671111511
1.0876455300157977 1.000088957151806 4.58530260724415e-05 1.0001445257286923 0.9999444394530421
1.0879614857819904 1.0000314545118532 4.58530260724415e-05 1.000086343462691 0.9999451157880551
1.088277441548183 1.0000962083652465 4.58530260724415e-05 1.0001504204024267 0.9999457961161898
1.088593397314376 1.000020962945832 4.58530260724415e-05 1.0000744864948703 0.9999464804374465
1.0889093530805687 1.0000306105695138 4.58530260724415e-05 1.0000834462262571 0.999947168751825
1.0892253088467614 0.9999882211218964 4.58530260724415e-05 1.0000403621670118 0.9999478610593253
1.089541264612954 1.0000157660274915 4.58530260724415e-05 1.0000672121251133 0.9999485573599475
1.0898572203791468 1.0000001057853878 4.58530260724415e-05 1.0000508507119807 0.9999492576536915
1.0901731761453395 0.9999230569113978 4.58530260724415e-05 0.9999730936244976 0.9999499619405574
1.0904891319115322 0.9998872419260888 4.58530260724415e-05 0.9999365685764856 0.9999506702205451
1.090805087677725 0.9998788035068316 4.58530260724415e-05 0.999927417484396 0.9999513824936547
1.0911210434439178 0.9999800851608229 4.58530260724415e-05 1.0000279877415843 0.9999520987598861
1.0914369992101105 0.9998983087966629 4.58530260724415e-05 0.9999454872054564 0.9999528190192394
1.0917529549763032 0.9999303052878177 4.58530260724415e-05 0.9999767609364923 0.9999535432717145
1.092068910742496 0.9999269299645039 4.58530260724415e-05 0.9999726571968476 0.9999542715173114
1.0923848665086886 0.9999525934948814 4.58530260724415e-05 0.9999975896303936 0.9999550037560302
1.0927008222748813 0.9998669596290435 4.58530260724415e-05 0.9999112157115789 0.9999557399878709
1.0930167780410742 0.9999651359060436 4.58530260724415e-05 1.0000086560699206 0.9999564802128333
1.093332733807267 0.9999812453921385 4.58530260724415e-05 1.000024021988775 0.9999572244309177
1.0936486895734596 0.99996202689199 4.58530260724415e-05 1.0000040544202626 0.9999579726421239
1.0939646453396523 0.9999444703630957 4.58530260724415e-05 0.9999857449282635 0.999958724846452
1.094280601105845 0.999963946955304 4.58530260724415e-05 1.0000044660923635 0.9999594810439019
1.0945965568720377 0.999978537989479 4.58530260724415e-05 1.0000182974824907 0.9999602412344736
1.0949125126382306 0.9998338786076687 4.58530260724415e-05 0.9998728682320513 0.9999610054181672
1.0952284684044233 1.0000514546647323 4.58530260724415e-05 1.0000896844980656 0.9999617735949826
1.095544424170616 0.9999804320542736 4.58530260724415e-05 1.000017886959296 0.9999625457649199
1.0958603799368087 0.9999334081174621 4.58530260724415e-05 0.9999700850922619 0.9999633219279791
1.0961763357030014 0.9999461763323747 4.58530260724415e-05 0.9999820736046944 0.9999641020841601
1.0964922914691941 0.9999875249930928 4.58530260724415e-05 1.00002263955459 0.9999648862334629
1.096808247235387 0.9999603508416839 4.58530260724415e-05 0.9999946762830564 0.9999656743758876
1.0971242030015798 0.9998733566059926 4.58530260724415e-05 0.9999068869721539 0.9999664665114341
1.0974401587677725 1.0000619227860759 4.58530260724415e-05 1.0000946632449983 0.9999672626401024
1.0977561145339652 0.9999629943001324 4.58530260724415e-05 0.9999949313763619 0.9999680627618927
1.0980720703001579 1.000015643426408 4.58530260724415e-05 1.0000467780059488 0.9999688668768048
1.0983880260663506 0.9999379433674156 4.58530260724415e-05 0.9999682674202861 0.9999696749848386
1.0987039818325433 1.0000409325440076 4.58530260724415e-05 1.0000704475371254 0.9999704870859943
1.0990199375987362 0.999984432528123 4.58530260724415e-05 1.0000131297246324 0.9999713031802719
1.0993358933649289 1.0000000398216438 4.58530260724415e-05 1.0000279173322162 0.9999721232676715
1.0996518491311216 0.9999250206149228 4.58530260724415e-05 0.9999520719701498 0.9999729473481928
1.0999678048973143 1.0000293086420078 4.58530260724415e-05 1.0000555346765454 0.9999737754218359
1.100283760663507 1.000006236935713 4.58530260724415e-05 1.0000316302502836 0.9999746074886009
1.1005997164296997 1.0000351356717316 4.58530260724415e-05 1.0000596935891066 0.9999754435484878
1.1009156721958924 0.9999474845692738 4.58530260724415e-05 0.999971200284752 0.9999762836014964
1.1012316279620853 0.9999550716031077 4.58530260724415e-05 0.9999779434509957 0.9999771276476269
1.101547583728278 1.0000836149126044 4.58530260724415e-05 1.0001056415524077 0.9999779756868794
1.1018635394944707 0.9999302238151744 4.58530260724415e-05 0.9999513950668435 0.9999788277192536
1.1021794952606634 0.9999734501662255 4.58530260724415e-05 0.9999937662948303 0.9999796837447497
1.102495451026856 1.0000326726584068 4.58530260724415e-05 1.000052129909291 0.9999805437633676
1.1028114067930488 0.9999858886772885 4.58530260724415e-05 1.0000044809854927 0.9999814077751074
1.1031273625592417 1.000009005496474 4.58530260724415e-05 1.0000267301902768 0.999982275779969
1.1034433183254344 0.9999648321398635 4.58530260724415e-05 0.9999816840532466 0.9999831477779525
1.103759274091627 1.000000991680244 4.58530260724415e-05 1.0000169681822737 0.9999840237690578
1.1040752298578198 0.9999249964478771 4.58530260724415e-05 0.999940091790203 0.999984903753285
1.1043911856240125 1.000061816959355 4.58530260724415e-05 1.0000760303092842 0.999985787730634
1.1047071413902052 0.9999812575942563 4.58530260724415e-05 0.9999945818209579 0.9999866757011049
1.105023097156398 0.9999563798235183 4.58530260724415e-05 0.9999688117710782 0.9999875676646975
1.1053390529225908 1.0000190189497449 4.58530260724415e-05 1.0000305556808347 0.9999884636214121
1.1056550086887835 0.9999682383995242 4.58530260724415e-05 0.9999788746035768 0.9999893635712486
1.1059709644549762 0.9999290883211616 4.58530260724415e-05 0.9999388202115234 0.9999902675142068
1.106286920221169 0.9999294249223069 4.58530260724415e-05 0.9999382489270945 0.9999911754502869
1.1066028759873616 1.0000238987262342 4.58530260724415e-05 1.0000318115984586 0.9999920873794889
1.1069188317535543 0.9999856864279871 4.58530260724415e-05 0.9999926830749802 0.9999930033018126
1.1072347875197472 0.9999877926334112 4.58530260724415e-05 0.9999938693788986 0.9999939232172582
1.10755074328594 1.0000442646860168 4.58530260724415e-05 1.000049417814835 0.9999948471258258
1.1078666990521326 0.9999441068726246 4.58530260724415e-05 0.999948331626812 0.9999957750275151
1.1081826548183253 0.9999632032466041 4.58530260724415e-05 0.9999664962139473 0.9999967069223263
1.108498610584518 0.9999799949479338 4.58530260724415e-05 0.9999823520960749 0.9999976428102594
1.1088145663507107 1.0000029089910674 4.58530260724415e-05 1.0000043263058849 0.9999985826913143
1.1091305221169034 0.9999975928777509 4.58530260724415e-05 0.9999980663113445 0.999999526565491
1.1094464778830964 0.999987319780636 4.58530260724415e-05 0.9999868453540876 1.0000004744327895
1.109762433649289 0.9999986005321576 4.58530260724415e-05 0.999997174242978 1.00000142629321
1.1100783894154818 0.9999974618634 4.58530260724415e-05 0.9999950797283685 1.0000023821467523
1.1103943451816745 0.9999703458443537 4.58530260724415e-05 0.9999670039612099 1.0000033419934165
1.1107103009478672 0.9999670274839876 4.58530260724415e-05 0.9999627218112991 1.0000043058332022
1.1110262567140599 1.0000178611381998 4.58530260724415e-05 1.000012587405708 1.00000527366611
1.1113422124802526 0.9999653940844752 4.58530260724415e-05 0.9999591488474711 1.0000062454921397
1.1116581682464455 0.9999541526871943 4.58530260724415e-05 0.9999469317591252 1.0000072213112914
1.1119741240126382 0.9999938814613952 4.58530260724415e-05 0.9999856804552669 1.0000082011235647
1.1122900797788309 1.0000019553527544 4.58530260724415e-05 0.9999927704901971 1.0000091849289598
1.1126060355450236 1.0001136513814863 4.58530260724415e-05 1.00010347760136 1.0000101727274768
1.1129219913112163 0.9999788515182387 4.58530260724415e-05 0.999967687359878 1.0000111645191159
1.113237947077409 1.0000554121884413 4.58530260724415e-05 1.000043251358615 1.0000121603038765
1.113553902843602 1.000047421378804 4.58530260724415e-05 1.0000342608461692 1.0000131600817592
1.1138698586097946 0.999959646356567 4.58530260724415e-05 0.9999454832759703 1.0000141638527635
1.1141858143759873 1.000050628143748 4.58530260724415e-05 1.0000354559889335 1.00001517161689
