sim_data/sim_data_baseline.ecsv
# %ECSV 0.9
# ---
# datatype:
# - {name: Time (days), datatype: float64}
# - {name: Flux, datatype: float64}
# - {name: Flux err, datatype: float64}
# - {name: Flux before Baseline, datatype: float64}
# - {name: Baseline, datatype: float64}
# meta:
#   Amplitude: 0.001
#   M_planet: 0.0
#   M_planet_units: Msun
#   M_star: 1.0
#   M_star_units: Msun
#   Period: 1.0
#   Period_units: days
#   R_star: 1.0
#   b_impact: !astropy.units.Quantity
#     unit: !astropy.units.Unit {unit: ''}
#     value: 0.512860118872354
#   baseline_c: [0.0002, 0.0002, 0.0003, 1.0]
#   dur_14: 0.07484685034248201
#   dur_23: 0.05665970843307687
#   inc: 83
#   inc_units: deg
#   prot_star: 1.0
#   rp: 0.1
#   rp_units: Rsun
#   t0: 0.0
#   y_input: [0.212587193559822, 0.1875962015746607, 0.10421312437579247, 0.1048652652063154, 0.07396204094643963, -0.10988426114539027,
#     -0.0061783184460587155, -0.06551775984748415, 0.12105423789196276, 0.15378327548573822, -0.04586185856263464, 0.05546885463911624,
#     0.12380765335963172, 0.04624802712083938, -0.10450553441687424]
# schema: astropy-2.0
"Time (days)" Flux "Flux err" "Flux before Baseline" Baseline
[from data line 1532]
0.5496824621397166 1.0013202044212783 1.5e-05 1.0010970188117454 1.0002229410390193
0.5497801660967269 1.001343205634681 1.5e-05 1.0011193818767126 1.0002235734938512
0.5498778700537372 1.001335261821325 1.5e-05 1.0011108058702123 1.0002242069007712
0.5499755740107475 1.0013226672481044 1.5e-05 1.0010975792061132 1.0002248412608985
0.5500732779677577 1.0013162977447716 1.5e-05 1.0010905752702424 1.0002254765753522
0.550170981924768 1.0013334766275224 1.5e-05 1.0011071134496985 1.0002261128452516
0.5502686858817782 1.0013678106042017 1.5e-05 1.001140801855583 1.0002267500717161
0.5503663898387885 1.0013378441689886 1.5e-05 1.001110203465894 1.0002273882558648
0.5504640937957987 1.0013565620402265 1.5e-05 1.0011282773632573 1.0002280273988169
0.550561797752809 1.0013424988065942 1.5e-05 1.0011135766661083 1.0002286675016916
0.5506595017098193 1.0013570635605222 1.5e-05 1.0011274964503203 1.0002293085656082
0.5507572056668295 1.0013170556028872 1.5e-05 1.0010868550882308 1.0002299505916858
0.5508549096238398 1.0013389732224478 1.5e-05 1.001108124115096 1.0002305935810438
0.55095261358085 1.0013598246201207 1.5e-05 1.0011283261739563 1.0002312375348015
0.5510503175378603 1.0013436895917571 1.5e-05 1.0011115493888794 1.0002318824540777
0.5511480214948705 1.001345401530889 1.5e-05 1.0011126144764997 1.000232528339992
0.5512457254518808 1.0013408008445916 1.5e-05 1.0011073674403108 1.0002331751936635
0.551343429408891 1.0013650655585338 1.5e-05 1.001130978093613 1.0002338230162116
0.5514411333659013 1.0013528470974355 1.5e-05 1.001118113122674 1.0002344718087552
0.5515388373229115 1.0013496072670893 1.5e-05 1.001114223716643 1.000235121572414
0.5516365412799218 1.001359159255861 1.5e-05 1.0011231221464534 1.0002357723083066
0.551734245236932 1.0013589019541926 1.5e-05 1.0011222126186243 1.0002364240175525
0.5518319491939423 1.0013538323327038 1.5e-05 1.0011164909374441 1.0002370767012712
0.5519296531509525 1.00137442098414 1.5e-05 1.0011364204619122 1.0002377303605816
0.5520273571079628 1.0013508736388161 1.5e-05 1.0011122235048164 1.0002383849966032
0.552125061064973 1.0013565195020155 1.5e-05 1.0011172118325622 1.0002390406104549
0.5522227650219833 1.0013432707615875 1.5e-05 1.0011033090982262 1.0002396972032561
0.5523204689789937 1.0013557406553095 1.5e-05 1.001115117855281 1.000240354776126
0.5524181729360039 1.0013778825255444 1.5e-05 1.0011365952607518 1.0002410133301838
0.5525158768930142 1.001344982097592 1.5e-05 1.0011030426555625 1.0002416728665489
0.5526135808500244 1.0013381991664425 1.5e-05 1.0010956002795763 1.0002423333863404
0.5527112848070347 1.0013707370493434 1.5e-05 1.0011274681896567 1.0002429948906773
0.5528089887640449 1.0013541257850602 1.5e-05 1.0011101978964696 1.0002436573806792
0.5529066927210552 1.0013583749938986 1.5e-05 1.0011137820162563 1.000244320857465
0.5530043966780654 1.001356835431145 1.5e-05 1.0011115777887483 1.0002449853221542
0.5531021006350757 1.0013592780920773 1.5e-05 1.0011133538199817 1.000245650775866
0.553199804592086 1.0013714317174438 1.5e-05 1.0011248374308959 1.0002463172197193
0.5532975085490962 1.0013466612460205 1.5e-05 1.0010994050550086 1.0002469846548339
0.5533952125061065 1.0013446524148695 1.5e-05 1.0010967277245395 1.0002476530823285
0.5534929164631167 1.0013616901554292 1.5e-05 1.0011130912465018 1.0002483225033225
0.553590620420127 1.0013368962201887 1.5e-05 1.0010876324884657 1.000248992918935
0.5536883243771372 1.0013409823363049 1.5e-05 1.0010910456108475 1.0002496643302856
0.5537860283341476 1.0013901759726322 1.5e-05 1.0011395539619168 1.0002503367384934
0.5538837322911578 1.0013741199970718 1.5e-05 1.001122828011173 1.0002510101446773
0.5539814362481681 1.001363191610125 1.5e-05 1.001111227381405 1.0002516845499567
0.5540791402051783 1.0013825056325247 1.5e-05 1.0011298605455166 1.0002523599554511
0.5541768441621886 1.001348907224065 1.5e-05 1.0010955936367574 1.0002530363622792
0.5542745481191989 1.0013603752084197 1.5e-05 1.0011063807328304 1.0002537137715608
0.5543722520762091 1.001375055909041 1.5e-05 1.0011203787090392 1.0002543921844147
0.5544699560332194 1.0013796574548108 1.5e-05 1.001124299076084 1.0002550716019605
0.5545676599902296 1.0013745829157004 1.5e-05 1.0011185448202804 1.0002557520253168
0.5546653639472399 1.0013293530404779 1.5e-05 1.0010726445229328 1.0002564334556034
0.5547630679042501 1.0013535516140355 1.5e-05 1.0010961538815109 1.0002571158939395
0.5548607718612604 1.0013758306085332 1.5e-05 1.0011177431136504 1.000257799341444
0.5549584758182706 1.0013639292347554 1.5e-05 1.0011051597696228 1.0002584837992365
0.5550561797752809 1.0014079813649337 1.5e-05 1.0011485144368513 1.000259169268436
0.5551538837322911 1.001384369113859 1.5e-05 1.0011242212283469 1.0002598557501616
0.5552515876893014 1.0013794406348642 1.5e-05 1.0011186059441084 1.0002605432455327
0.5553492916463116 1.001354909689897 1.5e-05 1.001093392305437 1.0002612317556685
0.5554469956033219 1.001371740792194 1.5e-05 1.001109528901274 1.0002619212816883
0.5555446995603321 1.0013764924523771 1.5e-05 1.0011135881862403 1.0002626118247113
0.5556424035173424 1.0013903987021746 1.5e-05 1.0011267986264245 1.0002633033858566
0.5557401074743527 1.0013873029909148 1.5e-05 1.0011230105544149 1.0002639959662436
0.5558378114313629 1.001390187508377 1.5e-05 1.0011252001126552 1.0002646895669913
0.5559355153883732 1.00136143323821 1.5e-05 1.0010957582520754 1.0002653841892193
0.5560332193453834 1.0013970915295596 1.5e-05 1.0011307108361616 1.0002660798340464
0.5561309233023937 1.0013558006497392 1.5e-05 1.001088733698579 1.0002667765025919
0.556228627259404 1.0013690817802083 1.5e-05 1.0011013130114208 1.0002674741959754
0.5563263312164143 1.0013841969601582 1.5e-05 1.00111572483766 1.0002681729153158
0.5564240351734245 1.0013760966923433 1.5e-05 1.0011069264083612 1.0002688726617324
0.5565217391304348 1.0013638640603115 1.5e-05 1.001093995711784 1.0002695734363443
0.556619443087445 1.0013672461147278 1.5e-05 1.001096674470501 1.0002702752402708
0.5567171470444553 1.0013569575986452 1.5e-05 1.0010856853270944 1.0002709780746313
0.5568148510014655 1.0013887855113757 1.5e-05 1.001116800156397 1.0002716819405448
0.5569125549584758 1.0014003344287326 1.5e-05 1.0011276404351879 1.0002723868391308
0.5570102589154861 1.0013805324592016 1.5e-05 1.0011071373364897 1.0002730927715082
0.5571079628724963 1.0013766509306854 1.5e-05 1.001102549314175 1.0002737997387963
0.5572056668295066 1.001361186942771 1.5e-05 1.0010863809806665 1.0002745077421145
0.5573033707865168 1.0013976006989684 1.5e-05 1.001122075102487 1.000275216782582
0.5574010747435271 1.0014176996786923 1.5e-05 1.0011414578584903 1.0002759268613177
0.5574987787005373 1.0013581747379763 1.5e-05 1.001081237647137 1.0002766379794412
0.5575964826575476 1.0013698122002483 1.5e-05 1.001092159151685 1.0002773501380717
0.5576941866145579 1.0013761964865358 1.5e-05 1.0010978278825216 1.0002780633383284
0.5577918905715682 1.0013785522011576 1.5e-05 1.001099468112766 1.0002787775813302
0.5578895945285784 1.0013910576005722 1.5e-05 1.001111254144767 1.0002794928681968
0.5579872984855887 1.001412495131786 1.5e-05 1.0011319687436828 1.0002802092000471
0.558085002442599 1.0014040369765431 1.5e-05 1.0011227949755925 1.0002809265780004
0.5581827063996092 1.001397450139339 1.5e-05 1.001115490963707 1.000281645003176
0.5582804103566195 1.0013793031557174 1.5e-05 1.0010966290299423 1.000282364476693
0.5583781143136297 1.001373998198836 1.5e-05 1.0010906044654007 1.0002830849996707
0.55847581827064 1.0013794756016547 1.5e-05 1.0010953581585809 1.0002838065732285
0.5585735222276502 1.0014152925024806 1.5e-05 1.0011304416603357 1.0002845291984854
0.5586712261846605 1.001391773774623 1.5e-05 1.001106205349804 1.0002852528765607
0.5587689301416707 1.0013866320485154 1.5e-05 1.0011003397674065 1.0002859776085735
0.558866634098681 1.0013912167306227 1.5e-05 1.0011041967580196 1.000286703395643
0.5589643380556912 1.0014069850612406 1.5e-05 1.0011192331209084 1.0002874302388889
0.5590620420127015 1.0013755532179243 1.5e-05 1.0010870818270177 1.0002881581394298
0.5591597459697117 1.0014171213161447 1.5e-05 1.00112790837958 1.0002888870983855
0.559257449926722 1.001398881363458 1.5e-05 1.0011089430776863 1.0002896171168747
0.5593551538837322 1.001393929937314 1.5e-05 1.0011032614113364 1.000290348196017
0.5594528578407425 1.0014044641975597 1.5e-05 1.001113059870786 1.0002910803369314
0.5595505617977528 1.0014017410522638 1.5e-05 1.0011096037141378 1.0002918135407373
0.559648265754763 1.001393945286787 1.5e-05 1.0011010753610492 1.0002925478085538
0.5597459697117733 1.0013959646131338 1.5e-05 1.001102358168567 1.0002932831415001
0.5598436736687835 1.0013873672939053 1.5e-05 1.001093026382095 1.0002940195406955
0.5599413776257938 1.0014109015458512 1.5e-05 1.001115815644112 1.0002947570072593
0.560039081582804 1.0013937202761194 1.5e-05 1.0010979003091613 1.0002954955423107
0.5601367855398144 1.0013880052161799 1.5e-05 1.0010914467443244 1.0002962351469689
0.5602344894968246 1.0014054938764427 1.5e-05 1.0011081889487656 1.0002969758223528
0.5603321934538349 1.001423601126475 1.5e-05 1.0011255484613404 1.0002977175695822
0.5604298974108451 1.0014035866175937 1.5e-05 1.0011047964898268 1.000298460389776
0.5605276013678554 1.001395842733156 1.5e-05 1.001096310428326 1.0002992042840533
0.5606253053248657 1.001411683263732 1.5e-05 1.0011114006464041 1.0002999492535336
0.5607230092818759 1.001435339501808 1.5e-05 1.001134303122855 1.000300695299336
0.5608207132388862 1.001385153054217 1.5e-05 1.0010833840537232 1.00030144242258
0.5609184171958964 1.0014133321496452 1.5e-05 1.0011108058501474 1.0003021906243843
0.5610161211529067 1.0014113348315303 1.5e-05 1.0011080592502968 1.0003029399058685
0.5611138251099169 1.0014263471761031 1.5e-05 1.0011223160714828 1.0003036902681517
0.5612115290669272 1.0014244493720983 1.5e-05 1.0011196667864712 1.0003044417123532
0.5613092330239374 1.0014074431045132 1.5e-05 1.0011019125675529 1.0003051942395922
0.5614069369809477 1.0013856335491662 1.5e-05 1.0010793554716915 1.0003059478509877
0.5615046409379579 1.0014236767057063 1.5e-05 1.0011166316842646 1.0003067025476593
0.5616023448949683 1.0013997093547322 1.5e-05 1.001091915305549 1.000307458330726
0.5617000488519786 1.0013987032315617 1.5e-05 1.0010901520288273 1.0003082152013072
0.5617977528089888 1.0014308079740348 1.5e-05 1.0011214883037272 1.000308973160522
0.5618954567659991 1.001400580145929 1.5e-05 1.0010905101703147 1.0003097322094896
0.5619931607230093 1.0014359671411552 1.5e-05 1.0011251254489821 1.0003104923493291
0.5620908646800196 1.0014206290423469 1.5e-05 1.0011090302715433 1.00031125358116
0.5621885686370298 1.0014210510052648 1.5e-05 1.0011086891705072 1.0003120159061014
0.5622862725940401 1.0014215471474266 1.5e-05 1.0011084211309405 1.0003127793252726
0.5623839765510503 1.001393027739748 1.5e-05 1.0010791455405188 1.0003135438397928
0.5624816805080606 1.0013916337298656 1.5e-05 1.0010769857722779 1.0003143094507811
0.5625793844650708 1.0014221994525354 1.5e-05 1.0011067745748963 1.0003150761593569
0.5626770884220811 1.0014281662139757 1.5e-05 1.0011119710379932 1.000315843966639
0.5627747923790913 1.0014215623167906 1.5e-05 1.0011045997125538 1.0003166128737475
0.5628724963361016 1.001408676249476 1.5e-05 1.0010909471197345 1.0003173828818008
0.5629702002931118 1.0014219685936656 1.5e-05 1.0011034635304201 1.0003181539919184
0.5630679042501221 1.001421136335731 1.5e-05 1.0011018587188916 1.0003189262052197
0.5631656082071324 1.0014086889239457 1.5e-05 1.0010886413629978 1.0003196995228236
0.5632633121641426 1.0014389500644942 1.5e-05 1.0011181177910242 1.0003204739458496
0.5633610161211529 1.001398458930244 1.5e-05 1.0010768635129885 1.0003212494754168
0.5634587200781631 1.0014339422695862 1.5e-05 1.0011115582061736 1.0003220261126444
0.5635564240351734 1.0014315629631412 1.5e-05 1.0011084013082703 1.0003228038586516
0.5636541279921836 1.0014416358733031 1.5e-05 1.001117691493098 1.0003235827145578
0.5637518319491939 1.0014120908517417 1.5e-05 1.0010873754662375 1.0003243626814822
0.5638495359062041 1.001429388233578 1.5e-05 1.0011038855515348 1.0003251437605438
0.5639472398632144 1.001461137016611 1.5e-05 1.0011348411895529 1.000325925952862
0.5640449438202246 1.001439186669114 1.5e-05 1.001112114071593 1.000326709259556
0.564142647777235 1.001431455992366 1.5e-05 1.0011036008883027 1.0003274936817452
0.5642403517342452 1.0014387324127927 1.5e-05 1.001110088773167 1.0003282792205486
0.5643380556912555 1.0014326320651457 1.5e-05 1.0011032031615443 1.0003290658770854
0.5644357596482658 1.001464911036774 1.5e-05 1.0011346831049326 1.0003298536524747
0.564533463605276 1.001447494979179 1.5e-05 1.0011164832744683 1.0003306425478362
0.5646311675622863 1.0014321508322852 1.5e-05 1.0011003535749894 1.000331432564289
0.5647288715192965 1.0014379227298984 1.5e-05 1.0011053318095198 1.000332223702952
0.5648265754763068 1.0014289746930263 1.5e-05 1.0010955938778294 1.0003330159649444
0.564924279433317 1.0014536956355191 1.5e-05 1.001119512580365 1.0003338093513858
0.5650219833903273 1.0014151475051087 1.5e-05 1.0010801822085733 1.0003346038633953
0.5651196873473375 1.0014128723896447 1.5e-05 1.00107711162485 1.000335399502092
0.5652173913043478 1.0014595461253748 1.5e-05 1.0011229723176764 1.0003361962685955
0.565315095261358 1.0014706733365195 1.5e-05 1.0011332972579332 1.0003369941640243
0.5654127992183683 1.0014461013122682 1.5e-05 1.001107933870254 1.0003377931894983
0.5655105031753785 1.0014414758207397 1.5e-05 1.0011025091723333 1.0003385933461366
0.5656082071323889 1.0014503574580809 1.5e-05 1.001110585896128 1.000339394635058
0.5657059110893992 1.0014314980149188 1.5e-05 1.0010909298264197 1.0003401970573824
0.5658036150464094 1.0014444897784585 1.5e-05 1.001103113002019 1.0003410006142284
0.5659013190034197 1.0014432183168327 1.5e-05 1.0011010366699404 1.0003418053067157
0.5659990229604299 1.0014527515167642 1.5e-05 1.0011097601646104 1.000342611135963
0.5660967269174402 1.0014206882855767 1.5e-05 1.0010769003554094 1.0003434181030901
0.5661944308744504 1.0014371757168765 1.5e-05 1.0010925734152556 1.000344226209216
0.5662921348314607 1.0014581818432617 1.5e-05 1.001112762445305 1.0003450354554597
0.5663898387884709 1.0014360849165258 1.5e-05 1.0010898621492912 1.0003458458429408
0.5664875427454812 1.0014320376499766 1.5e-05 1.0010850041525095 1.0003466573727782
0.5665852467024914 1.0014783069843822 1.5e-05 1.0011304441428124 1.0003474700460915
0.5666829506595017 1.0014489603673802 1.5e-05 1.0011002932889825 1.0003482838639994
0.566780654616512 1.0014404258519387 1.5e-05 1.001090946176286 1.0003490988276216
0.5668783585735222 1.0014244435924045 1.5e-05 1.0010741527922196 1.000349914938077
0.5669760625305325 1.0014615085602911 1.5e-05 1.0011103869153644 1.000350732196485
0.5670737664875427 1.0014617828744838 1.5e-05 1.0011098421048565 1.000351550603965
0.567171470444553 1.0014475379120555 1.5e-05 1.0010947819819156 1.000352370161636
0.5672691744015632 1.0014362114559752 1.5e-05 1.001082638207427 1.0003531908706171
0.5673668783585735 1.0014531133642455 1.5e-05 1.0010987116742962 1.0003540127320278
0.5674645823155837 1.0014416715593843 1.5e-05 1.001086450300993 1.0003548357469871
0.567562286272594 1.001440810659542 1.5e-05 1.0010847649355212 1.0003556599166143
0.5676599902296042 1.0014541327141389 1.5e-05 1.0010972563164264 1.0003564852420288
0.5677576941866145 1.001440640463206 1.5e-05 1.0010829417910576 1.0003573117243496
0.5678553981436247 1.0014608546407575 1.5e-05 1.001102320491701 1.000358139364696
0.567953102100635 1.001467014501161 1.5e-05 1.001107648726344 1.0003589681641873
0.5680508060576454 1.001446031212325 1.5e-05 1.0010858424043223 1.0003597981239427
0.5681485100146556 1.0014388391768638 1.5e-05 1.0010778212379232 1.0003606292450813
0.5682462139716659 1.0014835390726935 1.5e-05 1.0011216721026581 1.0003614615287224
