sim_data/sim_data_baseline_hd189_ncF444W.ecsv
# %ECSV 0.9
# ---
# datatype:
# - {name: Time (days), datatype: float64}
# - {name: Flux, datatype: float64}
# - {name: Flux err, datatype: float64}
# - {name: Flux before Baseline, datatype: float64}
# - {name: Baseline, datatype: float64}
# meta:
#   Amplitude: 0.0014619
#   M_star: 0.812
#   Period: 2.218577
#   R_star: 0.765
#   b_impact: !astropy.units.Quantity
#     unit: !astropy.units.Unit {unit: ''}
#     value: 0.6560793167814927
#   baseline_c: [0.0002, 0.0003, 1.0]
#   dur_14: 0.0813600683727827
#   dur_23: 0.03763374757593967
#   inc: 85.69
#   prot_star: 1.0
#   rp: 0.1504
#   t0: 0.0
#   y_input: [0.212587193559822, 0.1875962015746607, 0.10421312437579247, 0.1048652652063154, 0.07396204094643963, -0.10988426114539027,
#     -0.0061783184460587155, -0.06551775984748415, 0.12105423789196276, 0.15378327548573822, -0.04586185856263464, 0.05546885463911624,
#     0.12380765335963172, 0.04624802712083938, -0.10450553441687424]
# schema: astropy-2.0
"Time (days)" Flux "Flux err" "Flux before Baseline" Baseline
[from data line 334]
1.1148177259083727 0.9998952659334399 4.58530260724415e-05 0.99987806890604 1.000017199124508
1.1151336816745654 1.000046020959472 4.58530260724415e-05 1.0000278015849586 1.0000182188679998
1.1154496374407583 0.9999387281586329 4.58530260724415e-05 0.9999194871032973 1.0000192426046135
1.115765593206951 1.0000409474631071 4.58530260724415e-05 1.0000206767096342 1.000020270334349
1.1160815489731437 0.9999899374195615 4.58530260724415e-05 0.9999686360304723 1.0000213020572064
1.1163975047393364 1.0000984348989141 4.58530260724415e-05 1.0000760954259262 1.0000223377731856
1.116713460505529 1.0000723730169978 4.58530260724415e-05 1.0000489943893456 1.0000233774822869
1.1170294162717218 1.0000036315657301 4.58530260724415e-05 0.9999792108889152 1.0000244211845097
1.1173453720379145 0.9999939286406683 4.58530260724415e-05 0.999968460564088 1.0000254688798544
1.1176613278041074 0.9999708499691261 4.58530260724415e-05 0.9999443308771819 1.000026520568321
1.1179772835703001 1.0000073580554285 4.58530260724415e-05 0.9999797823630455 1.0000275762499096
1.1182932393364928 1.0000157804086705 4.58530260724415e-05 0.9999871448521698 1.0000286359246198
1.1186091951026855 1.000012976793207 4.58530260724415e-05 0.9999832776974006 1.000029699592452
1.1189251508688782 1.000037952820441 4.58530260724415e-05 1.0000071853459616 1.0000307672534061
1.119241106635071 1.0000583667133902 4.58530260724415e-05 1.0000265269613189 1.0000318389074818
1.1195570624012636 1.000048947797322 4.58530260724415e-05 1.0000160327149328 1.0000329145546796
1.1198730181674565 0.999998954692634 4.58530260724415e-05 0.999964961688734 1.0000339941949992
1.1201889739336492 0.9999691484259265 4.58530260724415e-05 0.9999340729100651 1.0000350778284406
1.120504929699842 1.0000987356322086 4.58530260724415e-05 1.0000625679144077 1.0000361654550038
1.1208208854660346 1.000005642565434 4.58530260724415e-05 0.9999683866685652 1.000037257074689
1.1211368412322273 1.0000084419049362 4.58530260724415e-05 0.9999700903645553 1.0000383526874959
1.12145279699842 1.0000155532434638 4.58530260724415e-05 0.9999761018928743 1.0000394522934246
1.121768752764613 0.9999560421489473 4.58530260724415e-05 0.9999154896838633 1.0000405558924752
1.1220847085308057 1.0000197460170583 4.58530260724415e-05 0.9999780834455307 1.0000416634846476
1.1224006642969984 1.0000207804586159 4.58530260724415e-05 0.9999780063294545 1.000042775069942
1.122716620063191 1.0000723372020692 4.58530260724415e-05 1.0000284453052282 1.0000438906483582
1.1230325758293838 1.000077038035279 4.58530260724415e-05 1.0000320263738685 1.0000450102198963
1.1233485315955765 1.0000463066992085 4.58530260724415e-05 1.0000001729066756 1.000046133784556
1.1236644873617694 1.0000899914295176 4.58530260724415e-05 1.000042728067794 1.000047261342338
1.123980443127962 1.0000639820708763 4.58530260724415e-05 1.000015588423266 1.0000483928932413
1.1242963988941548 1.00004880932938 4.58530260724415e-05 0.9999992809277278 1.0000495284372668
1.1246123546603475 1.000058047391792 4.58530260724415e-05 1.0000073790434967 1.000050667974414
1.1249283104265402 1.0000430690121331 4.58530260724415e-05 0.999991257960388 1.0000518115046833
1.1252442661927329 1.000034853024187 4.58530260724415e-05 0.9999818949549384 1.0000529590280742
1.1255602219589256 1.000041833487457 4.58530260724415e-05 0.9999877236071524 1.000054110544587
1.1258761777251185 1.0000035404627183 4.58530260724415e-05 0.9999482772670081 1.0000552660542217
1.1261921334913112 1.0000692853833857 4.58530260724415e-05 1.0000128591008257 1.0000564255569782
1.126508089257504 1.000012048707557 4.58530260724415e-05 0.9999544622771749 1.0000575890528565
1.1268240450236966 1.0000973501496453 4.58530260724415e-05 1.000038591340295 1.0000587565418566
1.1271400007898893 1.0000484889077161 4.58530260724415e-05 0.9999885615692199 1.0000599280239788
1.127455956556082 1.0000633731325805 4.58530260724415e-05 1.000002269494684 1.0000611034992226
1.1277719123222747 1.0000849282884965 4.58530260724415e-05 1.0000226439105784 1.0000622829675883
1.1280878680884676 1.0000929662161426 4.58530260724415e-05 1.0000294979149393 1.000063466429076
1.1284038238546603 0.9999962555093539 4.58530260724415e-05 0.9999316060476032 1.0000646538836853
1.128719779620853 1.0000668682476281 4.58530260724415e-05 1.0000010228488616 1.0000658453314166
1.1290357353870457 1.0001267343495948 4.58530260724415e-05 1.0000596895756897 1.0000670407722698
1.1293516911532384 1.0000200454299284 4.58530260724415e-05 0.9999518085122805 1.0000682402062449
1.1296676469194311 1.000128514018295 4.58530260724415e-05 1.000059066283176 1.0000694436333415
1.129983602685624 1.000021320466099 4.58530260724415e-05 0.9999506728975506 1.0000706510535602
1.1302995584518167 1.000092919498735 4.58530260724415e-05 1.0000210555187328 1.0000718624669007
1.1306155142180094 1.0001576222049253 4.58530260724415e-05 1.0000845381536938 1.000073077873363
1.1309314699842021 1.000096856744986 4.58530260724415e-05 1.000022557796056 1.0000742972729473
1.1312474257503948 1.0001455067608993 4.58530260724415e-05 1.0000699808102487 1.0000755206656533
1.1315633815165875 1.000141939742522 4.58530260724415e-05 1.0000651866880892 1.0000767480514814
1.1318793372827805 1.0003045844645808 4.58530260724415e-05 1.000226587364996 1.000077979430431
1.1321952930489732 1.000256932220186 4.58530260724415e-05 1.0001777033409482 1.0000792148025026
1.1325112488151658 1.000296617089808 4.58530260724415e-05 1.0002161455323029 1.0000804541676962
1.1328272045813585 1.0002823899025226 4.58530260724415e-05 1.0002006759817799 1.0000816975260114
1.1331431603475512 1.0002991799450087 4.58530260724415e-05 1.0002162171334565 1.0000829448774486
1.133459116113744 1.0002648286469706 4.58530260724415e-05 1.0001806172176757 1.0000841962220075
1.1337750718799366 1.0003499170364425 4.58530260724415e-05 1.0002644428796976 1.0000854515596884
1.1340910276461296 1.000353497303888 4.58530260724415e-05 1.000266763282115 1.0000867108904912
1.1344069834123223 1.0004536448495291 4.58530260724415e-05 1.0003656384683564 1.0000879742144158
1.134722939178515 1.0004932812226548 4.58530260724415e-05 1.0004040036372894 1.000089241531462
1.1350388949447077 1.0005356174513156 4.58530260724415e-05 1.0004450643256486 1.0000905128416302
1.1353548507109004 1.0005356252750508 4.58530260724415e-05 1.0004437963948827 1.0000917881449203
1.135670806477093 1.0004979899795476 4.58530260724415e-05 1.0004048848566178 1.0000930674413322
1.1359867622432858 1.0005039226828119 4.58530260724415e-05 1.0004095333121783 1.0000943507308662
1.1363027180094787 1.0006206324742979 4.58530260724415e-05 1.0005249442561504 1.0000956380135217
1.1366186737756714 1.0006329096961037 4.58530260724415e-05 1.0005359284596398 1.0000969292892992
1.136934629541864 1.0005672651405055 4.58530260724415e-05 1.000468994515528 1.0000982245581984
1.1372505853080568 1.0006971425157771 4.58530260724415e-05 1.0005975592241807 1.0000995238202197
1.1375665410742495 1.0007513255140013 4.58530260724415e-05 1.000650432857396 1.0001008270753626
1.1378824968404422 1.0007504395728757 4.58530260724415e-05 1.000648239041792 1.0001021343236276
1.1381984526066349 1.000773616047299 4.58530260724415e-05 1.0006701011632915 1.0001034455650142
1.1385144083728278 1.0007799964791013 4.58530260724415e-05 1.0006751649487586 1.0001047607995228
1.1388303641390205 1.0007861572559689 4.58530260724415e-05 1.0006800050938567 1.0001060800271533
1.1391463199052132 1.000925135007749 4.58530260724415e-05 1.0008176439422285 1.0001074032479056
1.139462275671406 1.0009106377903036 4.58530260724415e-05 1.0008018201462494 1.0001087304617795
1.1397782314375986 1.000950867142915 4.58530260724415e-05 1.00084071294387 1.0001100616687755
1.1400941872037915 1.0010781168909455 4.58530260724415e-05 1.0009666123444636 1.0001113968688933
1.1404101429699842 1.0010673918475461 4.58530260724415e-05 1.000954548173411 1.000112736062133
1.140726098736177 1.0010905432759738 4.58530260724415e-05 1.0009763526459032 1.0001140792484944
1.1410420545023696 1.0011177066554868 4.58530260724415e-05 1.0010021645512346 1.000115426427978
1.1413580102685623 1.0012185898313124 4.58530260724415e-05 1.0011016835787645 1.000116777600583
1.141673966034755 1.0012653921396306 4.58530260724415e-05 1.0011471238604057 1.00011813276631
1.1419899218009477 1.0012666766727736 4.58530260724415e-05 1.0011470476846787 1.0001194919251588
1.1423058775671406 1.001288041941866 4.58530260724415e-05 1.0011670458213235 1.0001208550771297
1.1426218333333333 1.0012022546567423 4.58530260724415e-05 1.0010799004466877 1.0001222222222221
1.142937789099526 1.0013405285628227 4.58530260724415e-05 1.0012167848158617 1.0001235933604367
1.1432537448657187 1.001364904410158 4.58530260724415e-05 1.0012397809848252 1.000124968491773
1.1435697006319114 1.0014105594564 4.58530260724415e-05 1.0012840496035624 1.000126347616231
1.1438856563981041 1.0014841313057532 4.58530260724415e-05 1.001356227340029 1.000127730733811
1.1442016121642968 1.0013490201349253 4.58530260724415e-05 1.0012197447995932 1.0001291178445129
1.1445175679304898 1.001481352960682 4.58530260724415e-05 1.0013506677381194 1.0001305089483365
1.1448335236966825 1.00155155440309 4.58530260724415e-05 1.0014194631248796 1.000131904045282
1.1451494794628752 1.0015482834510494 4.58530260724415e-05 1.001414791719528 1.0001333031353494
1.1454654352290679 1.0015339178822364 4.58530260724415e-05 1.001399023206572 1.0001347062185386
1.1457813909952606 1.0016665276354884 4.58530260724415e-05 1.0015302060592501 1.0001361132948496
1.1460973467614533 1.001665628507949 4.58530260724415e-05 1.0015278940210126 1.0001375243642825
1.146413302527646 1.001633022421286 4.58530260724415e-05 1.001493875436252 1.0001389394268372
1.1467292582938389 1.0017148972773309 4.58530260724415e-05 1.001574317825956 1.000140358482514
1.1470452140600316 1.0017592336233965 4.58530260724415e-05 1.001617222799759 1.0001417815313123
1.1473611698262243 1.0017410137604525 4.58530260724415e-05 1.001597576400583 1.0001432085732327
1.147677125592417 1.0017947575112687 4.58530260724415e-05 1.0016498792651034 1.0001446396082747
1.1479930813586097 1.001776918671526 4.58530260724415e-05 1.0016306058449311 1.0001460746364388
1.1483090371248026 1.0017684774424211 4.58530260724415e-05 1.0016207247056672 1.0001475136577245
1.1486249928909953 1.0017446882364176 4.58530260724415e-05 1.0015954939048228 1.0001489566721322
1.148940948657188 1.0018031808860268 4.58530260724415e-05 1.0016525286599738 1.0001504036796618
1.1492569044233807 1.0018233505539271 4.58530260724415e-05 1.001671242087681 1.0001518546803132
1.1495728601895734 1.0018600514312161 4.58530260724415e-05 1.001706480137216 1.0001533096740864
1.149888815955766 1.001818195833248 4.58530260724415e-05 1.0016631697657088 1.0001547686609815
1.1502047717219588 1.0018459641143864 4.58530260724415e-05 1.001689468524948 1.0001562316409984
1.1505207274881517 1.0017820555884025 4.58530260724415e-05 1.001624100855811 1.0001576986141372
1.1508366832543444 1.0017917112098973 4.58530260724415e-05 1.0016322818198873 1.0001591695803977
1.151152639020537 1.0018238541323405 4.58530260724415e-05 1.001662942449936 1.0001606445397802
1.1514685947867298 1.0017818685727893 4.58530260724415e-05 1.001619482524342 1.0001621234922846
1.1517845505529225 1.0018691729068003 4.58530260724415e-05 1.0017052874728807 1.0001636064379107
1.1521005063191152 1.0018541208281866 4.58530260724415e-05 1.001688748650311 1.0001650933766586
1.152416462085308 1.00184701029824 4.58530260724415e-05 1.0016801461037346 1.0001665843085286
1.1527324178515008 1.001851086457095 4.58530260724415e-05 1.0016827243925486 1.0001680792335204
1.1530483736176935 1.0019295679267333 4.58530260724415e-05 1.0017596913698896 1.0001695781516338
1.1533643293838862 1.0018167198106787 4.58530260724415e-05 1.0016453572583408 1.0001710810628692
1.153680285150079 1.0017386071451337 4.58530260724415e-05 1.001565748948479 1.0001725879672265
1.1539962409162716 1.0018500562990564 4.58530260724415e-05 1.0016756657028543 1.0001740988647057
1.1543121966824643 1.0018399482365437 4.58530260724415e-05 1.0016640422525283 1.0001756137553064
1.154628152448657 1.0018198916296317 4.58530260724415e-05 1.0016424680559013 1.0001771326390292
1.15494410821485 1.0018000958942488 4.58530260724415e-05 1.0016211507508512 1.0001786555158738
1.1552600639810426 1.0018262089024657 4.58530260724415e-05 1.00164572998507 1.0001801823858405
1.1555760197472353 1.0018560355012815 4.58530260724415e-05 1.0016740180610921 1.0001817132489288
1.155891975513428 1.0018260314567298 4.58530260724415e-05 1.001642482369809 1.000183248105139
1.1562079312796207 1.00196110626483 4.58530260724415e-05 1.001775991130367 1.0001847869544709
1.1565238870458137 1.001807797356763 4.58530260724415e-05 1.0016211654884017 1.000186329796925
1.1568398428120064 1.00181685790444 4.58530260724415e-05 1.0016286752819121 1.0001878766325005
1.157155798578199 1.001749659407101 4.58530260724415e-05 1.0015599364511014 1.000189427461198
1.1574717543443918 1.0018675447352907 4.58530260724415e-05 1.001676242319688 1.0001909822830175
1.1577877101105845 1.001764930735064 4.58530260724415e-05 1.0015720869457585 1.0001925410979589
1.1581036658767772 1.0018340660250185 4.58530260724415e-05 1.0016396438577193 1.0001941039060218
1.1584196216429699 1.0018475671227751 4.58530260724415e-05 1.0016515732510622 1.0001956707072068
1.1587355774091628 1.001829067701014 4.58530260724415e-05 1.0016315043991229 1.0001972415015137
1.1590515331753555 1.0019427769915066 4.58530260724415e-05 1.0017436140436906 1.0001988162889424
1.1593674889415482 1.0019100488646135 4.58530260724415e-05 1.0017093112575723 1.0002003950694929
1.1596834447077409 1.0019263614402418 4.58530260724415e-05 1.0017240353801289 1.0002019778431652
1.1599994004739336 1.0018268159664567 4.58530260724415e-05 1.0016229209872196 1.0002035646099594
1.1603153562401263 1.0019204727163071 4.58530260724415e-05 1.0017149655120479 1.0002051553698754
1.160631312006319 1.0018928912636813 4.58530260724415e-05 1.00168579260294 1.0002067501229133
1.160947267772512 1.0019069567547356 4.58530260724415e-05 1.0016982540563506 1.000208348869073
1.1612632235387046 1.0019202294550402 4.58530260724415e-05 1.0017099188464735 1.0002099516083547
1.1615791793048973 1.0018327807704368 4.58530260724415e-05 1.001620879519097 1.000211558340758
1.16189513507109 1.001856445108314 4.58530260724415e-05 1.0016429258210673 1.0002131690662834
1.1622110908372827 1.001916916907786 4.58530260724415e-05 1.001701767610767 1.0002147837849305
1.1625270466034754 1.0017570154256044 4.58530260724415e-05 1.001540279608552 1.0002164024966995
1.162843002369668 1.0019496738224989 4.58530260724415e-05 1.001731271160165 1.0002180252015902
1.163158958135861 1.0019070983456486 4.58530260724415e-05 1.0016870758766245 1.000219651899603
1.1634749139020537 1.0018810997419128 4.58530260724415e-05 1.0016594499437925 1.0002212825907375
1.1637908696682464 1.0018947788433339 4.58530260724415e-05 1.0016714889645748 1.000222917274994
1.164106825434439 1.001838903068345 4.58530260724415e-05 1.0016139846861045 1.0002245559523721
1.1644227812006318 1.001871567308016 4.58530260724415e-05 1.0016449965891807 1.0002261986228722
1.1647387369668245 1.001939561239552 4.58530260724415e-05 1.001711326035487 1.000227845286494
1.1650546927330174 1.001950115651695 4.58530260724415e-05 1.0017202249238157 1.0002294959432378
1.1653706484992101 1.0020157316462903 4.58530260724415e-05 1.0017841686415472 1.0002311505931034
1.1656866042654028 1.0018901757598395 4.58530260724415e-05 1.0016569807633229 1.0002328092360908
1.1660025600315955 1.0018648595744362 4.58530260724415e-05 1.0016300055117922 1.0002344718722
1.1663185157977882 1.001872979533274 4.58530260724415e-05 1.0016364546019052 1.0002361385014313
1.166634471563981 1.0018513777678897 4.58530260724415e-05 1.0016131850139907 1.0002378091237842
