sim_data/sim_data_baseline_hd189_ncF444W.ecsv
# %ECSV 0.9
# ---
# datatype:
# - {name: Time (days), datatype: float64}
# - {name: Flux, datatype: float64}
# - {name: Flux err, datatype: float64}
# - {name: Flux before Baseline, datatype: float64}
# - {name: Baseline, datatype: float64}
# meta:
#   Amplitude: 0.0014619
#   M_star: 0.812
#   Period: 2.218577
#   R_star: 0.765
#   b_impact: !astropy.units.Quantity
#     unit: !astropy.units.Unit {unit: ''}
#     value: 0.6560793167814927
#   baseline_c: [0.0002, 0.0003, 1.0]
#   dur_14: 0.0813600683727827
#   dur_23: 0.03763374757593967
#   inc: 85.69
#   prot_star: 1.0
#   rp: 0.1504
#   t0: 0.0
#   y_input: [0.212587193559822, 0.1875962015746607, 0.10421312437579247, 0.1048652652063154, 0.07396204094643963, -0.10988426114539027,
#     -0.0061783184460587155, -0.06551775984748415, 0.12105423789196276, 0.15378327548573822, -0.04586185856263464, 0.05546885463911624,
#     0.12380765335963172, 0.04624802712083938, -0.10450553441687424]
# schema: astropy-2.0
"Time (days)" Flux "Flux err" "Flux before Baseline" Baseline
1.0092884999999998 1.0017105725933542 4.58530260724415e-05 1.001810753668721 0.9999
1.0096044557661925 1.0016476177820635 4.58530260724415e-05 1.0017481071008132 0.9998996860407947
1.0099204115323852 1.001673726290498 4.58530260724415e-05 1.0017745287758375 0.9998993760747114
1.010236367298578 1.0017311794203332 4.58530260724415e-05 1.0018322942518558 0.9998990701017497
1.0105523230647708 1.0017136517666205 4.58530260724415e-05 1.001815067387391 0.99989876812191
1.0108682788309635 1.0015828136900822 4.58530260724415e-05 1.0016845145834279 0.9998984701351922
1.0111842345971562 1.00167077716493 4.58530260724415e-05 1.0017727815347899 0.9998981761415962
1.011500190363349 1.001619878423046 4.58530260724415e-05 1.0017221681391582 0.999897886141122
1.0118161461295416 1.0016216900622137 4.58530260724415e-05 1.0017242664931023 0.9998976001337696
1.0121321018957343 1.0016448561443019 4.58530260724415e-05 1.0017477174836806 0.9998973181195391
1.0124480576619272 1.0016322473124248 4.58530260724415e-05 1.0017353858891547 0.9998970400984305
1.01276401342812 1.001691935226944 4.58530260724415e-05 1.001795354498 0.9998967660704436
1.0130799691943126 1.001659771497691 4.58530260724415e-05 1.001763457987005 0.9998964960355787
1.0133959249605053 1.0016300816189219 4.58530260724415e-05 1.0017340315655525 0.9998962299938357
1.013711880726698 1.001644481034894 4.58530260724415e-05 1.0017486950100145 0.9998959679452144
1.0140278364928907 1.0016390605580183 4.58530260724415e-05 1.0017435325015003 0.999895709889715
1.0143437922590834 1.001691898403522 4.58530260724415e-05 1.0017966304034236 0.9998954558273374
1.0146597480252764 1.0016136305673478 4.58530260724415e-05 1.0017186049091646 0.9998952057580817
1.014975703791469 1.0016370333392388 4.58530260724415e-05 1.0017422566644851 0.9998949596819479
1.0152916595576618 1.0015831678786642 4.58530260724415e-05 1.0016886280625454 0.9998947175989358
1.0156076153238545 1.001504927405069 4.58530260724415e-05 1.0016106178492095 0.9998944795090456
1.0159235710900472 1.0016515991612152 4.58530260724415e-05 1.0017575396168155 0.9998942454122773
1.0162395268562399 1.0016609231816347 4.58530260724415e-05 1.0017670951580389 0.9998940153086309
1.0165554826224328 1.0015869257440222 4.58530260724415e-05 1.0016933163944082 0.9998937891981062
1.0168714383886255 1.001724682805296 4.58530260724415e-05 1.0018313106363295 0.9998935670807035
1.0171873941548182 1.0015536087803558 4.58530260724415e-05 1.0016604369112627 0.9998933489564226
1.0175033499210109 1.0016220604969102 4.58530260724415e-05 1.0017291104533375 0.9998931348252634
1.0178193056872036 1.0016110581956073 4.58530260724415e-05 1.0017183174977646 0.9998929246872262
1.0181352614533963 1.0016895967644275 4.58530260724415e-05 1.0017970710145145 0.9998927185423109
1.018451217219589 1.0016863744090054 4.58530260724415e-05 1.001794050849549 0.9998925163905173
1.018767172985782 1.0016258003625425 4.58530260724415e-05 1.0017336688152203 0.9998923182318457
1.0190831287519746 1.0016357274083594 4.58530260724415e-05 1.001743791455195 0.9998921240662958
1.0193990845181673 1.0015773830323147 4.58530260724415e-05 1.0016856312980578 0.9998919338938678
1.01971504028436 1.0015269713789337 4.58530260724415e-05 1.0016354007002353 0.9998917477145617
1.0200309960505527 1.0016015405764036 4.58530260724415e-05 1.0017101604883751 0.9998915655283773
1.0203469518167454 1.0016243684284645 4.58530260724415e-05 1.0017331693372897 0.9998913873353149
1.0206629075829383 1.001673318859862 4.58530260724415e-05 1.0017822996152748 0.9998912131353743
1.020978863349131 1.001671755356197 4.58530260724415e-05 1.0017809064699947 0.9998910429285556
1.0212948191153237 1.001598590453104 4.58530260724415e-05 1.001707900109916 0.9998908767148587
1.0216107748815164 1.001602212504192 4.58530260724415e-05 1.0017116850722771 0.9998907144942836
1.0219267306477091 1.0015677261349907 4.58530260724415e-05 1.001677353443983 0.9998905562668304
1.0222426864139018 1.0015504267812014 4.58530260724415e-05 1.0016602067039828 0.999890402032499
1.0225586421800945 1.0015370381155653 4.58530260724415e-05 1.001646967075962 0.9998902517912895
1.0228745979462874 1.0017044455730875 4.58530260724415e-05 1.0018145394377116 0.9998901055432018
1.0231905537124801 1.0015913830433234 4.58530260724415e-05 1.0017016069943259 0.999889963288236
1.0235065094786728 1.0015944117175477 4.58530260724415e-05 1.0017047745146428 0.999889825026392
1.0238224652448655 1.001556809237052 4.58530260724415e-05 1.0016673023982463 0.9998896907576699
1.0241384210110582 1.0016496483807795 4.58530260724415e-05 1.0017602823034388 0.9998895604820697
1.024454376777251 1.0015397666401666 4.58530260724415e-05 1.00165051493108 0.9998894341995912
1.0247703325434439 1.001603769230165 4.58530260724415e-05 1.0017146471109435 0.9998893119102347
1.0250862883096366 1.0015722338643827 4.58530260724415e-05 1.0016832267626572 0.9998891936139999
1.0254022440758293 1.0016307979315004 4.58530260724415e-05 1.0017419118346744 0.999889079310887
1.025718199842022 1.0015894138236279 4.58530260724415e-05 1.0017006336457848 0.999888969000896
1.0260341556082146 1.0015584814307015 4.58530260724415e-05 1.0016698043242456 0.9998888626840268
1.0263501113744073 1.0016111005170012 4.58530260724415e-05 1.0017225317705354 0.9998887603602794
1.0266660671406 1.0016318162337174 4.58530260724415e-05 1.0017433483049254 0.9998886620296539
1.026982022906793 1.0016150171316611 4.58530260724415e-05 1.0017266418431963 0.9998885676921503
1.0272979786729857 1.0016256283617309 4.58530260724415e-05 1.0017373447672586 0.9998884773477684
1.0276139344391784 1.0015824753700389 4.58530260724415e-05 1.0016942734697039 0.9998883909965085
1.027929890205371 1.0015947276973711 4.58530260724415e-05 1.0017066096725589 0.9998883086383704
1.0282458459715638 1.0015803324820642 4.58530260724415e-05 1.0016922913556523 0.9998882302733542
1.0285618017377565 1.0015944872420852 4.58530260724415e-05 1.0017065222050632 0.9998881559014597
1.0288777575039494 1.0015735034244717 4.58530260724415e-05 1.0016856065455602 0.9998880855226872
1.029193713270142 1.001531454377247 4.58530260724415e-05 1.0016436192941176 0.9998880191370365
1.0295096690363348 1.00161855558827 4.58530260724415e-05 1.0017307927674186 0.9998879567445076
1.0298256248025275 1.0015918242022288 4.58530260724415e-05 1.0017041168914518 0.9998878983451006
1.0301415805687202 1.001535331754399 4.58530260724415e-05 1.0016476726120538 0.9998878439388154
1.0304575363349129 1.0016311222283094 4.58530260724415e-05 1.0017435243373762 0.999887793525652
1.0307734921011056 1.0015681425365413 4.58530260724415e-05 1.001680584081358 0.9998877471056106
1.0310894478672985 1.001611961283207 4.58530260724415e-05 1.0017244502522114 0.9998877046786909
1.0314054036334912 1.001642850260719 4.58530260724415e-05 1.0017553812043882 0.9998876662448932
1.031721359399684 1.0016151837659721 4.58530260724415e-05 1.0017277461054674 0.9998876318042172
1.0320373151658766 1.00166136029283 4.58530260724415e-05 1.001773958326676 0.9998876013566631
1.0323532709320693 1.001552361938845 4.58530260724415e-05 1.0016649742215036 0.9998875749022309
1.032669226698262 1.0016272813152491 4.58530260724415e-05 1.0017399245245944 0.9998875524409205
1.0329851824644547 1.0015773003150097 4.58530260724415e-05 1.0016899564049608 0.999887533972732
1.0333011382306476 1.0015686396522177 4.58530260724415e-05 1.0016813092690635 0.9998875194976653
1.0336170939968403 1.0015818951259348 4.58530260724415e-05 1.001694576734819 0.9998875090157204
1.033933049763033 1.001594024290028 4.58530260724415e-05 1.0017067137641165 0.9998875025268974
1.0342490055292257 1.001610761387759 4.58530260724415e-05 1.0017234552452239 0.9998875000311963
1.0345649612954184 1.0015546485652222 4.58530260724415e-05 1.0016673346092002 0.9998875015286169
1.0348809170616111 1.001649254906354 4.58530260724415e-05 1.0017619460937628 0.9998875070191595
1.035196872827804 1.0016291931517982 4.58530260724415e-05 1.0017418725808938 0.9998875165028239
1.0355128285939967 1.0015373034688673 4.58530260724415e-05 1.0016499590601862 0.9998875299796102
1.0358287843601894 1.001675867465173 4.58530260724415e-05 1.0017885211394184 0.9998875474495182
1.0361447401263821 1.0016944579164506 4.58530260724415e-05 1.001807092177241 0.9998875689125482
1.0364606958925748 1.0016614849894858 4.58530260724415e-05 1.0017740900384966 0.9998875943686999
1.0367766516587675 1.0015991001619164 4.58530260724415e-05 1.0017116686947356 0.9998876238179736
1.0370926074249605 1.0015581703374834 4.58530260724415e-05 1.0016707007682157 0.999887657260369
1.0374085631911532 1.001655523037348 4.58530260724415e-05 1.0017680269002605 0.9998876946958863
1.0377245189573459 1.0015886143108657 4.58530260724415e-05 1.001701069154956 0.9998877361245255
1.0380404747235386 1.0016630699465858 4.58530260724415e-05 1.0017754876427771 0.9998877815462865
1.0383564304897313 1.0016165005693236 4.58530260724415e-05 1.001728863533115 0.9998878309611694
1.038672386255924 1.0016516604675723 4.58530260724415e-05 1.001763973867441 0.9998878843691741
1.0389883420221167 1.001623158169548 4.58530260724415e-05 1.001735410866317 0.9998879417703006
1.0393042977883096 1.001639154161517 4.58530260724415e-05 1.0017513471423056 0.9998880031645491
1.0396202535545023 1.0016071842847407 4.58530260724415e-05 1.0017193081774753 0.9998880685519194
1.039936209320695 1.0016885287555755 4.58530260724415e-05 1.001800592241135 0.9998881379324114
1.0402521650868877 1.0016124203306462 4.58530260724415e-05 1.0017244017932452 0.9998882113060253
1.0405681208530804 1.0016249872356517 4.58530260724415e-05 1.0017368925934675 0.9998882886727611
1.040884076619273 1.0016928544334407 4.58530260724415e-05 1.0018046858578453 0.9998883700326188
1.0412000323854658 1.0015446868852065 4.58530260724415e-05 1.0016564162639217 0.9998884553855983
1.0415159881516587 1.0015481965036155 4.58530260724415e-05 1.0016598367694682 0.9998885447316996
1.0418319439178514 1.0016508610448471 4.58530260724415e-05 1.0017624192403307 0.9998886380709229
1.042147899684044 1.0015526054399064 4.58530260724415e-05 1.001664055187068 0.9998887354032678
1.0424638554502368 1.0016954800703595 4.58530260724415e-05 1.0018068441963364 0.9998888367287347
1.0427798112164295 1.0015873877013768 4.58530260724415e-05 1.0016986343009011 0.9998889420473235
1.0430957669826222 1.0015720680883602 4.58530260724415e-05 1.0016832034784646 0.999889051359034
1.043411722748815 1.0016944902241196 4.58530260724415e-05 1.0018055256762983 0.9998891646638665
1.0437276785150078 1.0016741996496488 4.58530260724415e-05 1.0017851153322954 0.9998892819618208
1.0440436342812005 1.0016919424997677 4.58530260724415e-05 1.0018027386238986 0.9998894032528969
1.0443595900473932 1.0016478605607275 4.58530260724415e-05 1.0017585262906046 0.9998895285370949
1.044675545813586 1.00156684019656 4.58530260724415e-05 1.0016773674665378 0.9998896578144146
1.0449915015797786 1.001693907492856 4.58530260724415e-05 1.001804315259627 0.9998897910848563
1.0453074573459713 1.0015940605805924 4.58530260724415e-05 1.001704319829471 0.9998899283484198
1.0456234131121642 1.0016431559714405 4.58530260724415e-05 1.0017532791049997 0.9998900696051052
1.045939368878357 1.001649815394362 4.58530260724415e-05 1.0017597937386606 0.9998902148549124
1.0462553246445496 1.001599303585083 4.58530260724415e-05 1.0017091268689076 0.9998903640978415
1.0465712804107423 1.001634593359168 4.58530260724415e-05 1.0017442669922763 0.9998905173338923
1.046887236176935 1.0016487528080165 4.58530260724415e-05 1.0017582704686385 0.9998906745630651
1.0472031919431277 1.0016237661128757 4.58530260724415e-05 1.0017331195221475 0.9998908357853598
1.0475191477093206 1.0015561425352713 4.58530260724415e-05 1.0016653230530412 0.9998910010007762
1.0478351034755133 1.0016202655378672 4.58530260724415e-05 1.001729283526117 0.9998911702093145
1.048151059241706 1.0016674519753586 4.58530260724415e-05 1.0017763015712537 0.9998913434109746
1.0484670150078987 1.0015748469302823 4.58530260724415e-05 1.001683508950557 0.9998915206057566
1.0487829707740914 1.001599886661036 4.58530260724415e-05 1.0017083698807696 0.9998917017936604
1.0490989265402841 1.0015868556293601 4.58530260724415e-05 1.0016951519226767 0.9998918869746861
1.0494148823064768 1.001691655094964 4.58530260724415e-05 1.0017997731845836 0.9998920761488337
1.0497308380726698 1.0016377605296904 4.58530260724415e-05 1.0017456792768098 0.999892269316103
1.0500467938388625 1.0016256895085307 4.58530260724415e-05 1.0017334094316603 0.9998924664764942
1.0503627496050552 1.0015717838890859 4.58530260724415e-05 1.001679296501952 0.9998926676300073
1.0506787053712479 1.0016318854272312 4.58530260724415e-05 1.0017391989661453 0.9998928727766422
1.0509946611374406 1.0015763276336733 4.58530260724415e-05 1.0016834257059246 0.999893081916399
1.0513106169036333 1.00160879040948 4.58530260724415e-05 1.0017156784315848 0.9998932950492776
1.0516265726698262 1.0015782690578425 4.58530260724415e-05 1.0016849363077667 0.9998935121752781
1.0519425284360189 1.0016385288848955 4.58530260724415e-05 1.0017449810238799 0.9998937332944003
1.0522584842022116 1.0016340494104934 4.58530260724415e-05 1.0017402755454405 0.9998939584066445
1.0525744399684043 1.001598165641184 4.58530260724415e-05 1.0017041584504192 0.9998941875120105
1.052890395734597 1.001625977792068 4.58530260724415e-05 1.0017317400176233 0.9998944206104984
1.0532063515007897 1.0015578164151093 4.58530260724415e-05 1.0016633339324197 0.9998946577021082
1.0535223072669824 1.0015396734027424 4.58530260724415e-05 1.0016449475018807 0.9998948987868397
1.0538382630331753 1.0016283076582027 4.58530260724415e-05 1.0017333455454247 0.999895143864693
1.054154218799368 1.0016159253249401 4.58530260724415e-05 1.0017207123879432 0.9998953929356683
1.0544701745655607 1.0016375238897763 4.58530260724415e-05 1.0017420596809072 0.9998956459997654
1.0547861303317534 1.001717800881356 4.58530260724415e-05 1.00182208749811 0.9998959030569844
1.055102086097946 1.0016519735110725 4.58530260724415e-05 1.001755991738717 0.9998961641073252
1.0554180418641388 1.0015669562143585 4.58530260724415e-05 1.0016707000993987 0.9998964291507878
1.0557339976303317 1.0016601614689147 4.58530260724415e-05 1.0017636454693162 0.9998966981873723
1.0560499533965244 1.00154876057211 4.58530260724415e-05 1.0016519595544138 0.9998969712170785
1.056365909162717 1.001588078192871 4.58530260724415e-05 1.0016910037065714 0.9998972482399068
1.0566818649289098 1.001606264549724 4.58530260724415e-05 1.0017089104071883 0.9998975292558567
1.0569978206951025 1.0016881033454907 4.58530260724415e-05 1.0017904720412638 0.9998978142649286
1.0573137764612952 1.0015755636217736 4.58530260724415e-05 1.0016776312997997 0.9998981032671224
1.057629732227488 1.0015719823940175 4.58530260724415e-05 1.0016737561914644 0.9998983962624379
1.0579456879936808 1.001605527078074 4.58530260724415e-05 1.001707006758504 0.9998986932508753
1.0582616437598735 1.001579793135999 4.58530260724415e-05 1.0016809686910972 0.9998989942324347
1.0585775995260662 1.00166204246613 4.58530260724415e-05 1.0017629207865353 0.9998992992071157
1.058893555292259 1.0015610541656752 4.58530260724415e-05 1.0016616128030984 0.9998996081749187
1.0592095110584516 1.001558140866298 4.58530260724415e-05 1.0016583856998116 0.9998999211358435
1.0595254668246443 1.001590864196832 4.58530260724415e-05 1.0016907947838591 0.9999002380898901
1.0598414225908372 1.0015882944700454 4.58530260724415e-05 1.0016879032797141 0.9999005590370587
1.06015737835703 1.0016997894035065 4.58530260724415e-05 1.0017990837441826 0.999900883977349
1.0604733341232226 1.0016550514698284 4.58530260724415e-05 1.0017540118327906 0.9999012129107612
1.0607892898894153 1.001615738580916 4.58530260724415e-05 1.0017143615296495 0.9999015458372953
1.061105245655608 1.001555746475991 4.58530260724415e-05 1.0016540260075117 0.9999018827569511
1.0614212014218007 1.0016508539738755 4.58530260724415e-05 1.0017488012955196 0.9999022236697289
