sim_data/sim_data_cubic_baseline_hd189_ncF444W.ecsv
# %ECSV 0.9
# ---
# datatype:
# - {name: Time (days), datatype: float64}
# - {name: Flux, datatype: float64}
# - {name: Flux err, datatype: float64}
# - {name: Flux before Baseline, datatype: float64}
# - {name: Baseline, datatype: float64}
# meta:
#   Amplitude: 0.0014619
#   M_planet: 0.0011130568768082329
#   M_planet_units: Msun
#   M_star: 0.812
#   M_star_units: Msun
#   Period: 2.218577
#   Period_units: days
#   R_star: 0.765
#   b_impact: !astropy.units.Quantity
#     unit: !astropy.units.Unit {unit: ''}
#     value: 0.6560793167814927
#   baseline_c: [0.0002, 0.0002, 0.0003, 1.0]
#   dur_14: 0.07681051894288836
#   dur_23: 0.043817925785034365
#   inc: 85.69
#   inc_units: deg
#   prot_star: 1.0
#   rp: 0.115056
#   rp_units: Rsun
#   t0: 0.0
#   y_input: [0.212587193559822, 0.1875962015746607, 0.10421312437579247, 0.1048652652063154, 0.07396204094643963, -0.10988426114539027,
#     -0.0061783184460587155, -0.06551775984748415, 0.12105423789196276, 0.15378327548573822, -0.04586185856263464, 0.05546885463911624,
#     0.12380765335963172, 0.04624802712083938, -0.10450553441687424]
# schema: astropy-2.0
"Time (days)" Flux "Flux err" "Flux before Baseline" Baseline
[from data line 333]
1.11450177014218 0.9999619263216765 4.58530260724415e-05 0.9999457154901386 1.0000162117115827
1.1148177259083727 0.9998952997375916 4.58530260724415e-05 0.99987806890604 1.0000172329327819
1.1151336816745654 1.0000460609020518 4.58530260724415e-05 1.0000278015849586 1.0000182588094693
1.1154496374407583 0.9999387749297476 4.58530260724415e-05 0.9999194871032973 1.0000192893794941
1.115765593206951 1.0000410018105876 4.58530260724415e-05 1.0000206767096342 1.0000203246807058
1.1160815489731437 0.999990000111343 4.58530260724415e-05 0.9999686360304723 1.0000213647509542
1.1163975047393364 1.000098506759285 4.58530260724415e-05 1.0000760954259262 1.0000224096280885
1.116713460505529 1.0000724548886806 4.58530260724415e-05 1.0000489943893456 1.0000234593499584
1.1170294162717218 1.0000037243337052 4.58530260724415e-05 0.9999792108889152 1.0000245139544133
1.1173453720379145 0.9999940332368175 4.58530260724415e-05 0.999968460564088 1.0000255734793027
1.1176613278041074 0.999970967356746 4.58530260724415e-05 0.9999443308771819 1.000026637962476
1.1179772835703001 1.0000074892446496 4.58530260724415e-05 0.9999797823630455 1.000027707441783
1.1182932393364928 1.0000159264372463 4.58530260724415e-05 0.9999871448521698 1.0000287819550728
1.1186091951026855 1.000013138738242 4.58530260724415e-05 0.9999832776974006 1.0000298615401952
1.1189251508688782 1.0000381318033207 4.58530260724415e-05 1.0000071853459616 1.0000309462349997
1.119241106635071 1.000058563888474 4.58530260724415e-05 1.0000265269613189 1.0000320360773354
1.1195570624012636 1.0000491643511666 4.58530260724415e-05 1.0000160327149328 1.0000331311050523
1.1198730181674565 0.9999991918453247 4.58530260724415e-05 0.999964961688734 1.0000342313559996
1.1201889739336492 0.999969407448435 4.58530260724415e-05 0.9999340729100651 1.0000353368680268
1.120504929699842 1.0000990178738465 4.58530260724415e-05 1.0000625679144077 1.0000364476789836
1.1208208854660346 1.0000059493077667 4.58530260724415e-05 0.9999683866685652 1.0000375638267192
1.1211368412322273 1.000008774556574 4.58530260724415e-05 0.9999700903645553 1.0000386853490835
1.12145279699842 1.0000159132253614 4.58530260724415e-05 0.9999761018928743 1.0000398122839254
1.121768752764613 0.9999564308927114 4.58530260724415e-05 0.9999154896838633 1.000040944669095
1.1220847085308057 1.000020165065668 4.58530260724415e-05 0.9999780834455307 1.0000420825424414
1.1224006642969984 1.0000212313205719 4.58530260724415e-05 0.9999780063294545 1.0000432259418144
1.122716620063191 1.0000728214725492 4.58530260724415e-05 1.0000284453052282 1.0000443749050634
1.1230325758293838 1.00007755730205 4.58530260724415e-05 1.0000320263738685 1.0000455294700377
1.1233485315955765 1.0000468625893353 4.58530260724415e-05 1.0000001729066756 1.0000466896745868
1.1236644873617694 1.00009058566913 4.58530260724415e-05 1.000042728067794 1.0000478555565606
1.123980443127962 1.00006461634133 4.58530260724415e-05 1.000015588423266 1.000049027153808
1.1242963988941548 1.0000494853958064 4.58530260724415e-05 0.9999992809277278 1.0000502045041793
1.1246123546603475 1.0000587670682113 4.58530260724415e-05 1.0000073790434967 1.000051387645523
1.1249283104265402 1.0000438341164506 4.58530260724415e-05 0.999991257960388 1.0000525766156894
1.1252442661927329 1.0000356654339315 4.58530260724415e-05 0.9999818949549384 1.0000537714525277
1.1255602219589256 1.0000426951261796 4.58530260724415e-05 0.9999877236071524 1.0000549721938874
1.1258761777251185 1.000004453238901 4.58530260724415e-05 0.9999482772670081 1.0000561788776179
1.1261921334913112 1.0000702513803983 4.58530260724415e-05 1.0000128591008257 1.000057391541569
1.126508089257504 1.0000130698317886 4.58530260724415e-05 0.9999544622771749 1.0000586102235898
1.1268240450236966 1.0000984286109362 4.58530260724415e-05 1.000038591340295 1.00005983496153
1.1271400007898893 1.0000496266639622 4.58530260724415e-05 0.9999885615692199 1.0000610657932392
1.127455956556082 1.0000645723926462 4.58530260724415e-05 1.000002269494684 1.0000623027565665
1.1277719123222747 1.0000861912388679 4.58530260724415e-05 1.0000226439105784 1.000063545889362
1.1280878680884676 1.0000942950557383 4.58530260724415e-05 1.0000294979149393 1.0000647952294748
1.1284038238546603 0.9999940282218115 4.58530260724415e-05 0.9999279821638939 1.0000660508147543
1.128719779620853 1.0000578248847865 4.58530260724415e-05 0.9999905128403423 1.0000673126830504
1.1290357353870457 1.0001089425066625 4.58530260724415e-05 1.000040358866604 1.0000685808722123
1.1293516911532384 0.9999919866905045 4.58530260724415e-05 0.9999221367095878 1.0000698554200895
1.1296676469194311 1.0000888956095053 4.58530260724415e-05 1.0000177579817355 1.0000711363645316
1.129983602685624 0.9999689918075836 4.58530260724415e-05 0.9998965755545811 1.000072423743388
1.1302995584518167 1.0000268291052958 4.58530260724415e-05 0.9999531149670395 1.0000737175945082
1.1306155142180094 1.000076789416324 4.58530260724415e-05 1.0000017713277007 1.0000750179557418
1.1309314699842021 1.000000353666108 4.58530260724415e-05 0.9999240345992186 1.0000763248649382
1.1312474257503948 1.0000332393557458 4.58530260724415e-05 0.9999556044425971 1.000077638359947
1.1315633815165875 1.0000205510562086 4.58530260724415e-05 0.9999415971889879 1.0000789584786178
1.1318793372827805 1.0001773619272019 4.58530260724415e-05 1.0000970688752022 1.0000802852587998
1.1321952930489732 1.000125775595249 4.58530260724415e-05 1.0000441532531736 1.0000816187383426
1.1325112488151658 1.0001628674144323 4.58530260724415e-05 1.0000799018307642 1.0000829589550957
1.1328272045813585 1.0001470863237736 4.58530260724415e-05 1.000062775084552 1.0000843059469084
1.1331431603475512 1.0001631820701888 4.58530260724415e-05 1.0000775156785844 1.0000856597516308
1.133459116113744 1.0001288844448522 4.58530260724415e-05 1.0000418603950318 1.0000870204071117
1.1337750718799366 1.0002147057357353 4.58530260724415e-05 1.0001263066205508 1.000088387951201
1.1340910276461296 1.0002196558990193 4.58530260724415e-05 1.0001298818187645 1.0000897624217482
1.1344069834123223 1.0003217877580615 4.58530260724415e-05 1.0002306228816 1.0000911438566027
1.134722939178515 1.0003640118322736 4.58530260724415e-05 1.0002714544203595 1.000092532293614
1.1350388949447077 1.0004095371335575 4.58530260724415e-05 1.0003155797212262 1.0000939277706316
1.1353548507109004 1.0004133382223386 4.58530260724415e-05 1.000317977583927 1.000095330325505
1.135670806477093 1.0003801061000337 4.58530260724415e-05 1.0002833386937662 1.0000967399960834
1.1359867622432858 1.0003910586424791 4.58530260724415e-05 1.0002928730747727 1.0000981568202167
1.1363027180094787 1.0005134107754405 4.58530260724415e-05 1.0004137887342581 1.0000995808357545
1.1366186737756714 1.0005319552333294 4.58530260724415e-05 1.0004308996267155 1.000101012080546
1.136934629541864 1.0004732025358771 4.58530260724415e-05 1.0003707139635714 1.0001024505924405
1.1372505853080568 1.0006105925594706 4.58530260724415e-05 1.000506643511741 1.000103896409288
1.1375665410742495 1.0006728972500565 4.58530260724415e-05 1.0005674878965134 1.0001053495689378
1.1378824968404422 1.0006807250392178 4.58530260724415e-05 1.000573853636609 1.0001068101092392
1.1381984526066349 1.0007131833647325 4.58530260724415e-05 1.000604839805805 1.000108278068042
1.1385144083728278 1.000729381456258 4.58530260724415e-05 1.0006195599741972 1.0001097534831955
1.1388303641390205 1.000745855275706 4.58530260724415e-05 1.0006345482982932 1.0001112363925493
1.1391463199052132 1.000895592841425 4.58530260724415e-05 1.0007827777674128 1.0001127268339527
1.139462275671406 1.0008922422448345 4.58530260724415e-05 1.0007779285408118 1.0001142248452555
1.1397782314375986 1.0009439383177219 4.58530260724415e-05 1.0008281120156268 1.000115730464307
1.1400941872037915 1.001082897857935 4.58530260724415e-05 1.00096554092536 1.0001172437289565
1.1404101429699842 1.0010840377303554 4.58530260724415e-05 1.0009651584265726 1.000118764677054
1.140726098736177 1.0011191143368627 4.58530260724415e-05 1.0009987008533463 1.0001202933464486
1.1410420545023696 1.0011581582463298 4.58530260724415e-05 1.0010362022310553 1.0001218297749899
1.1413580102685623 1.0012707646334869 4.58530260724415e-05 1.0011472490922495 1.0001233740005273
1.141673966034755 1.001329011146457 4.58530260724415e-05 1.0012039346827288 1.0001249260609106
1.1419899218009477 1.001341333163667 4.58530260724415e-05 1.0012146935279596 1.0001264859939891
1.1423058775671406 1.0013731960787244 4.58530260724415e-05 1.0012449828162848 1.0001280538376123
1.1426218333333333 1.0012972275748468 4.58530260724415e-05 1.0011674466095457 1.0001296296296296
1.142937789099526 1.001444502757584 4.58530260724415e-05 1.00131311705113 1.0001312134078908
1.1432537448657187 1.0014769175951481 4.58530260724415e-05 1.0013439339034786 1.000132805210245
1.1435697006319114 1.0015295090291625 4.58530260724415e-05 1.0013949164707683 1.000134405074542
1.1438856563981041 1.0016087768356945 4.58530260724415e-05 1.001472563509226 1.000136013038631
1.1442016121642968 1.0014779876298099 4.58530260724415e-05 1.0013401740424466 1.0001376291403619
1.1445175679304898 1.0016131505802073 4.58530260724415e-05 1.0014736919459837 1.0001392534175837
1.1448335236966825 1.0016845793032427 4.58530260724415e-05 1.0015434759410866 1.0001408859081464
1.1451494794628752 1.0016808426380015 4.58530260724415e-05 1.0015380967683225 1.0001425266498993
1.1454654352290679 1.0016642525269035 4.58530260724415e-05 1.0015198577196904 1.0001441756806917
1.1457813909952606 1.0017928440600956 4.58530260724415e-05 1.001646770868123 1.0001458330383735
1.1460973467614533 1.00178613149108 4.58530260724415e-05 1.001638391069634 1.0001474987607937
1.146413302527646 1.0017459651501317 4.58530260724415e-05 1.0015965541017469 1.000149172885802
1.1467292582938389 1.0018186380727374 4.58530260724415e-05 1.001667531065338 1.0001508554512482
1.1470452140600316 1.001852297534062 4.58530260724415e-05 1.0016994917875652 1.0001525464949814
1.1473611698262243 1.0018221502321534 4.58530260724415e-05 1.001667646949339 1.0001542460548514
1.147677125592417 1.001862726810315 4.58530260724415e-05 1.0017065065048043 1.0001559541687075
1.1479930813586097 1.0018311587562345 4.58530260724415e-05 1.0016732240631343 1.000157670874399
1.1483090371248026 1.0018110098908932 4.58530260724415e-05 1.0016513504621127 1.000159396209776
1.1486249928909953 1.001777537798759 4.58530260724415e-05 1.0016161471759335 1.0001611302126874
1.148940948657188 1.0018283511741959 4.58530260724415e-05 1.001665207036079 1.0001628729209828
1.1492569044233807 1.0018427937408312 4.58530260724415e-05 1.001677893146213 1.000164624372512
1.1495728601895734 1.0018756496666728 4.58530260724415e-05 1.0017089807134674 1.0001663846051243
1.149888815955766 1.0018318132680453 4.58530260724415e-05 1.0016633799079622 1.0001681536566691
1.1502047717219588 1.0018596871839747 4.58530260724415e-05 1.001689468524948 1.0001699315649961
1.1505207274881517 1.0017960981117142 4.58530260724415e-05 1.001624100855811 1.0001717183679548
1.1508366832543444 1.0018060791471983 4.58530260724415e-05 1.0016322818198873 1.0001735141033945
1.151152639020537 1.0018385528041909 4.58530260724415e-05 1.001662942449936 1.0001753188091649
1.1514685947867298 1.001796901910483 4.58530260724415e-05 1.001619482524342 1.0001771325231152
1.1517845505529225 1.0018845479261782 4.58530260724415e-05 1.0017052874728807 1.000178955283095
1.1521005063191152 1.0018698410812819 4.58530260724415e-05 1.001688748650311 1.0001807871269541
1.152416462085308 1.0018630810381546 4.58530260724415e-05 1.0016801461037346 1.0001826280925419
1.1527324178515008 1.001867513036253 4.58530260724415e-05 1.0016827243925486 1.0001844782177076
1.1530483736176935 1.001946356806752 4.58530260724415e-05 1.0017596913698896 1.0001863375403008
1.1533643293838862 1.0018338730227818 4.58530260724415e-05 1.0016453572583408 1.0001882060981713
1.153680285150079 1.0017561305013594 4.58530260724415e-05 1.001565748948479 1.0001900839291682
1.1539962409162716 1.0018679584533352 4.58530260724415e-05 1.0016756657028543 1.000191971071141
1.1543121966824643 1.0018582324182825 4.58530260724415e-05 1.0016640422525283 1.0001938675619397
1.154628152448657 1.001838563046935 4.58530260724415e-05 1.0016424680559013 1.0001957734394133
1.15494410821485 1.0018191599755142 4.58530260724415e-05 1.0016211507508512 1.0001976887414115
1.1552600639810426 1.0018456720007858 4.58530260724415e-05 1.00164572998507 1.0001996135057838
1.1555760197472353 1.0018759032260793 4.58530260724415e-05 1.0016740180610921 1.0002015477703794
1.155891975513428 1.0018463081741782 4.58530260724415e-05 1.001642482369809 1.0002034915730482
1.1562079312796207 1.0019818009504184 4.58530260724415e-05 1.001775991130367 1.0002054449516395
1.1565238870458137 1.0018289096750055 4.58530260724415e-05 1.0016211654884017 1.0002074079440029
1.1568398428120064 1.001838396882888 4.58530260724415e-05 1.0016286752819121 1.0002093805879877
1.157155798578199 1.0017716290852707 4.58530260724415e-05 1.0015599364511014 1.0002113629214437
1.1574717543443918 1.0018899549365585 4.58530260724415e-05 1.001676242319688 1.00021335498222
1.1577877101105845 1.0017877823135517 4.58530260724415e-05 1.0015720869457585 1.0002153568081664
1.1581036658767772 1.0018573687016745 4.58530260724415e-05 1.0016396438577193 1.0002173684371325
1.1584196216429699 1.0018713254965315 4.58530260724415e-05 1.0016515732510622 1.0002193899069673
1.1587355774091628 1.0018532869043961 4.58530260724415e-05 1.0016315043991229 1.000221421255521
1.1590515331753555 1.0019674661967222 4.58530260724415e-05 1.0017436140436906 1.0002234625206423
1.1593674889415482 1.0019352104709285 4.58530260724415e-05 1.0017093112575723 1.0002255137401812
1.1596834447077409 1.0019520026793851 4.58530260724415e-05 1.0017240353801289 1.0002275749519873
1.1599994004739336 1.001852939878757 4.58530260724415e-05 1.0016229209872196 1.0002296461939097
1.1603153562401263 1.0019470904205232 4.58530260724415e-05 1.0017149655120479 1.0002317275037982
1.160631312006319 1.001920005692647 4.58530260724415e-05 1.00168579260294 1.000233818919502
1.160947267772512 1.0019345751881317 4.58530260724415e-05 1.0016982540563506 1.0002359204788709
1.1612632235387046 1.0019483580820063 4.58530260724415e-05 1.0017099188464735 1.0002380322197542
1.1615791793048973 1.0018614229600906 4.58530260724415e-05 1.001620879519097 1.0002401541800017
1.16189513507109 1.001885610277108 4.58530260724415e-05 1.0016429258210673 1.0002422863974623
1.1622110908372827 1.0019466124819552 4.58530260724415e-05 1.001701767610767 1.000244428909986
1.1625270466034754 1.001787241168824 4.58530260724415e-05 1.001540279608552 1.0002465817554222
1.162843002369668 1.001980446776781 4.58530260724415e-05 1.001731271160165 1.0002487449716204
1.163158958135861 1.0019384177917656 4.58530260724415e-05 1.0016870758766245 1.0002509185964301
1.1634749139020537 1.0019129726227007 4.58530260724415e-05 1.0016594499437925 1.0002531026677006
1.1637908696682464 1.001927212914348 4.58530260724415e-05 1.0016714889645748 1.0002552972232817
1.164106825434439 1.0018719025918978 4.58530260724415e-05 1.0016139846861045 1.0002575023010227
1.1644227812006318 1.0019051417630773 4.58530260724415e-05 1.0016449965891807 1.000259717938773
1.1647387369668245 1.0019737184817548 4.58530260724415e-05 1.001711326035487 1.0002619441743823
1.1650546927330174 1.001984860420335 4.58530260724415e-05 1.0017202249238157 1.0002641810457
1.1653706484992101 1.0020510725856595 4.58530260724415e-05 1.0017841686415472 1.0002664285905758
1.1656866042654028 1.0019261128191184 4.58530260724415e-05 1.0016569807633229 1.0002686868468589
1.1660025600315955 1.001901403023724 4.58530260724415e-05 1.0016300055117922 1.000270955852399
1.1663185157977882 1.0019101373846793 4.58530260724415e-05 1.0016364546019052 1.0002732356450452
1.166634471563981 1.0018891557514762 4.58530260724415e-05 1.0016131850139907 1.0002755262626477
