sim_data/sim_data_GP_baseline_hd189_ncF444W.ecsv
# %ECSV 0.9
# ---
# datatype:
# - {name: Time (days), datatype: float64}
# - {name: Flux, datatype: float64}
# - {name: Flux err, datatype: float64}
# - {name: Flux before Baseline, datatype: float64}
# - {name: Baseline, datatype: float64}
# meta:
#   Amplitude: 0.0014619
#   M_planet: 0.0011130568768082329
#   M_planet_units: Msun
#   M_star: 0.812
#   M_star_units: Msun
#   Period: 2.218577
#   Period_units: days
#   R_star: 0.765
#   b_impact: !astropy.units.Quantity
#     unit: !astropy.units.Unit {unit: ''}
#     value: 0.6560793167814927
#   baseline_c: [1.0]
#   dur_14: 0.07681051894288836
#   dur_23: 0.043817925785034365
#   inc: 85.69
#   inc_units: deg
#   prot_star: 1.0
#   rho_GP: 0.7
#   rp: 0.115056
#   rp_units: Rsun
#   sigma_GP: 0.001
#   t0: 0.0
#   y_input: [0.212587193559822, 0.1875962015746607, 0.10421312437579247, 0.1048652652063154, 0.07396204094643963, -0.10988426114539027,
#     -0.0061783184460587155, -0.06551775984748415, 0.12105423789196276, 0.15378327548573822, -0.04586185856263464, 0.05546885463911624,
#     0.12380765335963172, 0.04624802712083938, -0.10450553441687424]
# schema: astropy-2.0
"Time (days)" Flux "Flux err" "Flux before Baseline" Baseline
[from data line 162]
1.0604733341232226 1.0032614262301154 4.58530260724415e-05 1.0017540118327906 0.001507414397324827
1.0607892898894153 1.0030668373226295 4.58530260724415e-05 1.0017143615296495 0.001352475792979911
1.061105245655608 1.003091968852041 4.58530260724415e-05 1.0016540260075117 0.0014379428445292785
1.0614212014218007 1.0032184574785752 4.58530260724415e-05 1.0017488012955196 0.0014696561830555516
1.0617371571879934 1.0030501688742972 4.58530260724415e-05 1.0016640904309555 0.0013860784433416358
1.0620531129541864 1.003081616055894 4.58530260724415e-05 1.0016389894052957 0.0014426266505982723
1.062369068720379 1.0031277097658977 4.58530260724415e-05 1.0017641649690745 0.001363544796823143
1.0626850244865718 1.003092026886996 4.58530260724415e-05 1.0017240912294187 0.0013679356575773366
1.0630009802527645 1.0031123199563658 4.58530260724415e-05 1.0017516507290838 0.0013606692272820384
1.0633169360189572 1.0031265259377988 4.58530260724415e-05 1.0017239091771202 0.0014026167606786954
1.0636328917851499 1.0031358042728495 4.58530260724415e-05 1.0017484506810301 0.0013873535918193112
1.0639488475513428 1.0031144790298503 4.58530260724415e-05 1.0016791786367703 0.001435300393079942
1.0642648033175355 1.0030075854730984 4.58530260724415e-05 1.0016614745627783 0.001346110910320006
1.0645807590837282 1.0031176921300595 4.58530260724415e-05 1.0017400183654792 0.0013776737645803114
1.0648967148499209 1.0030994958655042 4.58530260724415e-05 1.0016717937686126 0.0014277020968915222
1.0652126706161136 1.0030883914256508 4.58530260724415e-05 1.0016768817988528 0.0014115096267978296
1.0655286263823063 1.0030081955302195 4.58530260724415e-05 1.0016874792803352 0.0013207162498843198
1.065844582148499 1.003116836933469 4.58530260724415e-05 1.001709035249277 0.001407801684192063
1.066160537914692 1.003045487109231 4.58530260724415e-05 1.001691868909422 0.0013536181998089355
1.0664764936808846 1.003035619927653 4.58530260724415e-05 1.0016449216202905 0.001390698307362684
1.0667924494470773 1.0030649208833462 4.58530260724415e-05 1.0016783220146661 0.0013865988686800196
1.06710840521327 1.0030368711290558 4.58530260724415e-05 1.0016057505437181 0.0014311205853377133
1.0674243609794627 1.0031189278408172 4.58530260724415e-05 1.001736235373018 0.0013826924677994002
1.0677403167456554 1.0029195733216474 4.58530260724415e-05 1.0016339736124524 0.0012855997091948726
1.0680562725118483 1.0029529844132894 4.58530260724415e-05 1.0016566595432383 0.001296324870051144
1.068372228278041 1.0030978688503358 4.58530260724415e-05 1.001709556718037 0.0013883121322989308
1.0686881840442337 1.003014915791872 4.58530260724415e-05 1.0016731193926895 0.0013417963991824192
1.0690041398104264 1.0031836346654115 4.58530260724415e-05 1.001777648158143 0.0014059865072684002
1.0693200955766191 1.0030157446466932 4.58530260724415e-05 1.001647480416715 0.0013682642299782306
1.0696360513428118 1.0030368315433529 4.58530260724415e-05 1.0017188723305555 0.001317959212797381
1.0699520071090045 1.003105539456628 4.58530260724415e-05 1.0017046912990422 0.0014008481575857844
1.0702679628751974 1.0029658011311875 4.58530260724415e-05 1.0016527970819786 0.001313004049208839
1.0705839186413901 1.0029756783321475 4.58530260724415e-05 1.0017302165639361 0.0012454617682113147
1.0708998744075828 1.0031300209995737 4.58530260724415e-05 1.0016982217428394 0.0014317992567342106
1.0712158301737755 1.00298288867523 4.58530260724415e-05 1.0017353075178697 0.0012475811573603771
1.0715317859399682 1.003083887948183 4.58530260724415e-05 1.0017256814983184 0.0013582064498644966
1.071847741706161 1.0031455524816928 4.58530260724415e-05 1.0017713931656649 0.0013741593160279137
1.0721636974723538 1.00305368799131 4.58530260724415e-05 1.0017149031696082 0.0013387848217017385
1.0724796532385465 1.0028640007464011 4.58530260724415e-05 1.0016157986252583 0.001248202121142877
1.0727956090047392 1.002966553020619 4.58530260724415e-05 1.0015989536400116 0.0013675993806075426
1.073111564770932 1.002887206528406 4.58530260724415e-05 1.0016359660421812 0.0012512404862248686
1.0734275205371246 1.0028348097200495 4.58530260724415e-05 1.0015898645348469 0.0012449451852026437
1.0737434763033173 1.0028442275989649 4.58530260724415e-05 1.0015623129208464 0.0012819146781185157
1.07405943206951 1.0027636464641665 4.58530260724415e-05 1.0014309958188123 0.0013326506453541964
1.074375387835703 1.0027856954182979 4.58530260724415e-05 1.001475372952065 0.0013103224662330513
1.0746913436018957 1.0027473732578227 4.58530260724415e-05 1.001413283654569 0.0013340896032536522
1.0750072993680884 1.0027049083346165 4.58530260724415e-05 1.0014299737019459 0.0012749346326706758
1.075323255134281 1.0026650130479124 4.58530260724415e-05 1.0013821018882885 0.001282911159624033
1.0756392109004738 1.0026293511704722 4.58530260724415e-05 1.0013973078671 0.0012320433033723211
1.0759551666666665 1.0026010292779268 4.58530260724415e-05 1.001338639072691 0.0012623902052356873
1.0762711224328592 1.002630003367615 4.58530260724415e-05 1.001328248229868 0.001301755137746956
1.076587078199052 1.0024970772251953 4.58530260724415e-05 1.0012385022528154 0.0012585749723799395
1.0769030339652448 1.0024755018770206 4.58530260724415e-05 1.0011838853015191 0.0012916165755015273
1.0772189897314375 1.0024155609606253 4.58530260724415e-05 1.0011752967946876 0.001240264165937743
1.0775349454976302 1.0023927805940875 4.58530260724415e-05 1.001159824514878 0.001232956079209384
1.0778509012638229 1.002401199358984 4.58530260724415e-05 1.001144081057526 0.0012571183014579534
1.0781668570300156 1.0024386461621855 4.58530260724415e-05 1.0011959488136468 0.0012426973485386514
1.0784828127962085 1.0023323644187259 4.58530260724415e-05 1.0010556152889827 0.0012767491297430986
1.0787987685624012 1.0022353591753186 4.58530260724415e-05 1.0009784382117044 0.0012569209636142202
1.079114724328594 1.0023018954134566 4.58530260724415e-05 1.0009706162912548 0.0013312791222018462
1.0794306800947866 1.00217222867227 4.58530260724415e-05 1.0009288967309422 0.0012433319413277732
1.0797466358609793 1.002174681539419 4.58530260724415e-05 1.0009353426644323 0.0012393388749867887
1.080062591627172 1.0020010671220796 4.58530260724415e-05 1.0008051405046616 0.0011959266174180088
1.080378547393365 1.0020796693989178 4.58530260724415e-05 1.0008406111960737 0.0012390582028441453
1.0806945031595576 1.0020748603605432 4.58530260724415e-05 1.0008061863107467 0.001268674049796424
1.0810104589257503 1.0019709780678692 4.58530260724415e-05 1.0007703281685654 0.0012006498993038723
1.081326414691943 1.0019197192474563 4.58530260724415e-05 1.000692338832165 0.0012273804152912553
1.0816423704581357 1.0019301312911846 4.58530260724415e-05 1.0006682492864838 0.0012618820047007471
1.0819583262243284 1.001795003809007 4.58530260724415e-05 1.0005727022811408 0.001222301527866297
1.0822742819905211 1.001773620633275 4.58530260724415e-05 1.0005736696540926 0.0011999509791823914
1.082590237756714 1.0017963724073216 4.58530260724415e-05 1.0005291931855718 0.0012671792217498156
1.0829061935229067 1.001758282150504 4.58530260724415e-05 1.0005305379964748 0.001227744154029243
1.0832221492890994 1.0016562115777663 4.58530260724415e-05 1.0004155007046098 0.0012407108731564726
1.0835381050552921 1.0017399580868347 4.58530260724415e-05 1.0004611915669088 0.001278766519925929
1.0838540608214848 1.0017333252116456 4.58530260724415e-05 1.0004507080378526 0.0012826171737930288
1.0841700165876775 1.0014593557583127 4.58530260724415e-05 1.0002442158845513 0.00121513987376151
1.0844859723538702 1.001519100555058 4.58530260724415e-05 1.000315988803378 0.0012031117516800888
1.0848019281200632 1.001523535114725 4.58530260724415e-05 1.0002854254993783 0.0012381096153466261
1.0851178838862559 1.0014020372105765 4.58530260724415e-05 1.000184054230207 0.0012179829803695102
1.0854338396524486 1.0012847982626547 4.58530260724415e-05 1.0001552982443667 0.001129500018288066
1.0857497954186413 1.0014009174189746 4.58530260724415e-05 1.0001294540780643 0.001271463340910344
1.086065751184834 1.001302139121646 4.58530260724415e-05 1.0000862967141313 0.0012158424075146821
1.0863817069510266 1.001302610905446 4.58530260724415e-05 1.0000532791282892 0.0012493317771566767
1.0866976627172196 1.0011211468542085 4.58530260724415e-05 0.9999621487644423 0.0011589980897661189
1.0870136184834123 1.001339491455911 4.58530260724415e-05 1.0000688615050994 0.001270629950811565
1.087329574249605 1.0012359523921235 4.58530260724415e-05 1.000050816648616 0.0011851357435075523
1.0876455300157977 1.0011664102374105 4.58530260724415e-05 0.9999627047874163 0.0012037054499942094
1.0879614857819904 1.0010711414038178 4.58530260724415e-05 0.999932760007064 0.0011383813967537554
1.088277441548183 1.001212438677323 4.58530260724415e-05 1.0000238924013654 0.0011885462759575272
1.088593397314376 1.0011560342811374 4.58530260724415e-05 0.999973598379208 0.0011824359019294536
1.0889093530805687 1.0011876424174588 4.58530260724415e-05 1.0000065089820989 0.0011811334353598808
1.0892253088467614 1.0011936827443464 4.58530260724415e-05 0.9999853578257629 0.001208324918583426
1.089541264612954 1.0012220698529959 4.58530260724415e-05 1.0000317091443829 0.0011903607086129037
1.0898572203791468 1.0012652678857965 4.58530260724415e-05 1.0000318563505979 0.0012334115351986604
1.0901731761453395 1.0011336348178186 4.58530260724415e-05 0.9999667291644873 0.0011669056533314107
1.0904891319115322 1.0010732167195424 4.58530260724415e-05 0.9999365685764856 0.001136648143056832
1.090805087677725 1.0011038886226125 4.58530260724415e-05 0.999927417484396 0.0011764711382164616
1.0911210434439178 1.0012338337243019 4.58530260724415e-05 1.0000279877415843 0.0012058459827175663
1.0914369992101105 1.0011831555168103 4.58530260724415e-05 0.9999454872054564 0.0012376683113538996
1.0917529549763032 1.001199142785792 4.58530260724415e-05 0.9999767609364923 0.001222381849299724
1.092068910742496 1.001072664513935 4.58530260724415e-05 0.9999726571968476 0.0011000073170874282
1.0923848665086886 1.001190271194163 4.58530260724415e-05 0.9999975896303936 0.0011926815637693816
1.0927008222748813 1.0011573475915645 4.58530260724415e-05 0.9999112157115789 0.0012461318799854746
1.0930167780410742 1.0011938753217795 4.58530260724415e-05 1.0000086560699206 0.0011852192518589607
1.093332733807267 1.0011802960811838 4.58530260724415e-05 1.000024021988775 0.0011562740924087487
1.0936486895734596 1.00119640710056 4.58530260724415e-05 1.0000040544202626 0.0011923526802972402
1.0939646453396523 1.0011390914857896 4.58530260724415e-05 0.9999857449282635 0.0011533465575260255
1.094280601105845 1.001209387701861 4.58530260724415e-05 1.0000044660923635 0.0012049216094975428
1.0945965568720377 1.0011939976092563 4.58530260724415e-05 1.0000182974824907 0.0011757001267656188
1.0949125126382306 1.001116072836857 4.58530260724415e-05 0.9998728682320513 0.0012432046048057774
1.0952284684044233 1.0012967266639659 4.58530260724415e-05 1.0000896844980656 0.0012070421659002143
1.095544424170616 1.0011676886316792 4.58530260724415e-05 1.000017886959296 0.0011498016723832302
1.0958603799368087 1.001179927052283 4.58530260724415e-05 0.9999700850922619 0.001209841960021024
1.0961763357030014 1.0012111409694033 4.58530260724415e-05 0.9999820736046944 0.0012290673647090153
1.0964922914691941 1.0011835396750701 4.58530260724415e-05 1.00002263955459 0.0011609001204801927
1.096808247235387 1.0011589483000591 4.58530260724415e-05 0.9999946762830564 0.0011642720170026823
1.0971242030015798 1.0009764689942007 4.58530260724415e-05 0.9999068869721539 0.0010695820220468426
1.0974401587677725 1.001306310996232 4.58530260724415e-05 1.0000946632449983 0.0012116477512335046
1.0977561145339652 1.0011379998106282 4.58530260724415e-05 0.9999949313763619 0.0011430684342663392
1.0980720703001579 1.001110345625897 4.58530260724415e-05 1.0000467780059488 0.0010635676199483024
1.0983880260663506 1.0010349225034751 4.58530260724415e-05 0.9999682674202861 0.001066655083188935
1.0987039818325433 1.0011998146053385 4.58530260724415e-05 1.0000704475371254 0.0011293670682131184
1.0990199375987362 1.0011866052406555 4.58530260724415e-05 1.0000131297246324 0.0011734755160230305
1.0993358933649289 1.0011619512596386 4.58530260724415e-05 1.0000279173322162 0.0011340339274223566
1.0996518491311216 1.0011106236470555 4.58530260724415e-05 0.9999520719701498 0.0011585516769057104
1.0999678048973143 1.0011378257592451 4.58530260724415e-05 1.0000555346765454 0.0010822910826997268
1.100283760663507 1.0010933185123119 4.58530260724415e-05 1.0000316302502836 0.0010616882620282345
1.1005997164296997 1.0012193815771164 4.58530260724415e-05 1.0000596935891066 0.001159687988009759
1.1009156721958924 1.0011141109366595 4.58530260724415e-05 0.999971200284752 0.001142910651907553
1.1012316279620853 1.0010957050851592 4.58530260724415e-05 0.9999779434509957 0.0011177616341635547
1.101547583728278 1.0012848556047946 4.58530260724415e-05 1.0001056415524077 0.0011792140523870247
1.1018635394944707 1.001026978763969 4.58530260724415e-05 0.9999513950668435 0.001075583697125404
1.1021794952606634 1.0010874842520265 4.58530260724415e-05 0.9999937662948303 0.0010937179571962274
1.102495451026856 1.0012116160617344 4.58530260724415e-05 1.000052129909291 0.0011594861524433177
1.1028114067930488 1.0012074438032164 4.58530260724415e-05 1.0000044809854927 0.001202962817723646
1.1031273625592417 1.001149584941556 4.58530260724415e-05 1.0000267301902768 0.0011228547512791278
1.1034433183254344 1.00118480765064 4.58530260724415e-05 0.9999816840532466 0.0012031235973933951
1.103759274091627 1.0011175906872214 4.58530260724415e-05 1.0000169681822737 0.0011006225049477168
1.1040752298578198 1.001081783393258 4.58530260724415e-05 0.999940091790203 0.001141691603054873
1.1043911856240125 1.0011941793311456 4.58530260724415e-05 1.0000760303092842 0.0011181490218614629
1.1047071413902052 1.0010417535481526 4.58530260724415e-05 0.9999945818209579 0.001047171727194744
1.105023097156398 1.0010954859282233 4.58530260724415e-05 0.9999688117710782 0.0011266741571450034
1.1053390529225908 1.0011902750040695 4.58530260724415e-05 1.0000305556808347 0.0011597193232348068
1.1056550086887835 1.001090143589148 4.58530260724415e-05 0.9999788746035768 0.0011112689855710914
1.1059709644549762 1.0010519390028552 4.58530260724415e-05 0.9999388202115234 0.001113118791331881
1.106286920221169 1.0011212932644242 4.58530260724415e-05 0.9999382489270945 0.0011830443373298367
1.1066028759873616 1.0010932438329565 4.58530260724415e-05 1.0000318115984586 0.0010614322344979742
1.1069188317535543 1.001033748965858 4.58530260724415e-05 0.9999926830749802 0.0010410658908777614
1.1072347875197472 1.001065893547414 4.58530260724415e-05 0.9999938693788986 0.001072024168515324
1.10755074328594 1.0010893577266347 4.58530260724415e-05 1.000049417814835 0.001039939911799765
1.1078666990521326 1.001103289709589 4.58530260724415e-05 0.999948331626812 0.0011549580827771462
1.1081826548183253 1.0010768571160338 4.58530260724415e-05 0.9999664962139473 0.0011103609020865597
1.108498610584518 1.0010355678662886 4.58530260724415e-05 0.9999823520960749 0.001053215770213615
1.1088145663507107 1.0010628293361694 4.58530260724415e-05 1.0000043263058849 0.0010585030302846352
1.1091305221169034 1.001220590342811 4.58530260724415e-05 0.9999980663113445 0.0012225240314666839
1.1094464778830964 1.0010552912260011 4.58530260724415e-05 0.9999868453540876 0.0010684458719136536
1.109762433649289 1.0010533854547161 4.58530260724415e-05 0.999997174242978 0.00105621121173806
1.1100783894154818 1.0010973938350705 4.58530260724415e-05 0.9999950797283685 0.0011023141067019644
1.1103943451816745 1.001085924814115 4.58530260724415e-05 0.9999670039612099 0.0011189208529051291
1.1107103009478672 1.0010637671602387 4.58530260724415e-05 0.9999627218112991 0.0011010453489397132
1.1110262567140599 1.00105859421541 4.58530260724415e-05 1.000012587405708 0.001046006809702047
