sim_data/sim_data_baseline_hd189_ncF444W.ecsv
# %ECSV 0.9
# ---
# datatype:
# - {name: Time (days), datatype: float64}
# - {name: Flux, datatype: float64}
# - {name: Flux err, datatype: float64}
# - {name: Flux before Baseline, datatype: float64}
# - {name: Baseline, datatype: float64}
# meta:
#   Amplitude: 0.0014619
#   M_star: 0.812
#   Period: 2.218577
#   R_star: 0.765
#   b_impact: !astropy.units.Quantity
#     unit: !astropy.units.Unit {unit: ''}
#     value: 0.6560793167814927
#   baseline_c: [0.0002, 0.0003, 1.0]
#   dur_14: 0.0813600683727827
#   dur_23: 0.03763374757593967
#   inc: 85.69
#   prot_star: 1.0
#   rp: 0.1504
#   t0: 0.0
#   y_input: [0.212587193559822, 0.1875962015746607, 0.10421312437579247, 0.1048652652063154, 0.07396204094643963, -0.10988426114539027,
#     -0.0061783184460587155, -0.06551775984748415, 0.12105423789196276, 0.15378327548573822, -0.04586185856263464, 0.05546885463911624,
#     0.12380765335963172, 0.04624802712083938, -0.10450553441687424]
# schema: astropy-2.0
"Time (days)" Flux "Flux err" "Flux before Baseline" Baseline
[from data line 500]
1.1672663830963665 1.001918644315598 4.58530260724415e-05 1.00167707751979 1.0002411623478558
1.1675823388625592 1.001901036738707 4.58530260724415e-05 1.001657789203397 1.0002428449495744
1.167898294628752 1.0019544108358893 4.58530260724415e-05 1.001709461274269 1.0002445315444148
1.1682142503949446 1.0018949099669645 4.58530260724415e-05 1.001648281991081 1.000246222132377
1.1685302061611373 1.001891244794456 4.58530260724415e-05 1.0016429207734763 1.000247916713461
1.16884616192733 1.001882053031529 4.58530260724415e-05 1.0016320303641333 1.000249615287667
1.169162117693523 1.0018353686524635 4.58530260724415e-05 1.0015836527972446 1.0002513178549948
1.1694780734597157 1.001839883614974 4.58530260724415e-05 1.0015864577869755 1.0002530244154444
1.1697940292259084 1.0018592508664215 4.58530260724415e-05 1.0016041072751887 1.0002547349690158
1.170109984992101 1.001974570119674 4.58530260724415e-05 1.0017176801057337 1.0002564495157091
1.1704259407582938 1.001957493095456 4.58530260724415e-05 1.0016988864417224 1.0002581680555243
1.1707418965244865 1.0019810503591964 4.58530260724415e-05 1.0017207125737315 1.0002598905884614
1.1710578522906792 1.0018584453019688 4.58530260724415e-05 1.0015964105391297 1.0002616171145202
1.171373808056872 1.0018308194578773 4.58530260724415e-05 1.0015670591428592 1.000263347633701
1.1716897638230648 1.0018924043383617 4.58530260724415e-05 1.0016268909326185 1.0002650821460035
1.1720057195892575 1.0019323131372067 4.58530260724415e-05 1.0016650482165288 1.000266820651428
1.1723216753554502 1.0019486968707592 4.58530260724415e-05 1.0016796826199297 1.0002685631499741
1.1726376311216429 1.0019754689738294 4.58530260724415e-05 1.0017046985357367 1.0002703096416423
1.1729535868878356 1.001942024840543 4.58530260724415e-05 1.0016695105068711 1.0002720601264323
1.1732695426540285 1.0020105015509637 4.58530260724415e-05 1.001736211546542 1.000273814604344
1.1735854984202212 1.0019219538030708 4.58530260724415e-05 1.0016459271544853 1.0002755730753776
1.173901454186414 1.0018918793315446 4.58530260724415e-05 1.001614096145786 1.0002773355395331
1.1742174099526066 1.0018582464602939 4.58530260724415e-05 1.0015787038440882 1.0002791019968105
1.1745333657187993 1.0018961858759574 4.58530260724415e-05 1.0016148598591073 1.0002808724472096
1.174849321484992 1.0019496706665163 4.58530260724415e-05 1.0016665527298383 1.0002826468907307
1.175165277251185 1.0018994138221484 4.58530260724415e-05 1.0016145292817553 1.0002844253273735
1.1754812330173776 1.0019847548366918 4.58530260724415e-05 1.0016980610812998 1.0002862077571384
1.1757971887835703 1.0020081862599666 4.58530260724415e-05 1.0017196968172668 1.000287994180025
1.176113144549763 1.001836345840943 4.58530260724415e-05 1.001546113205119 1.0002897845960332
1.1764291003159557 1.0019862868711458 4.58530260724415e-05 1.0016942138687877 1.0002915790051636
1.1767450560821484 1.0018455629074892 4.58530260724415e-05 1.0015517302574737 1.0002933774074156
1.177061011848341 1.0019683346944628 4.58530260724415e-05 1.001672661155883 1.0002951798027897
1.177376967614534 1.002007737573491 4.58530260724415e-05 1.001710243463513 1.0002969861912856
1.1776929233807267 1.001956173070013 4.58530260724415e-05 1.001656881426618 1.000298796572903
1.1780088791469194 1.0018961484366622 4.58530260724415e-05 1.0015950579971236 1.0003006109476427
1.1783248349131121 1.0019296410534158 4.58530260724415e-05 1.0016267197701652 1.000302429315504
1.1786407906793048 1.0019461452487777 4.58530260724415e-05 1.0016413941753608 1.0003042516764873
1.1789567464454975 1.001951444175396 4.58530260724415e-05 1.0016448626884715 1.0003060780305923
1.1792727022116902 1.0019521578860038 4.58530260724415e-05 1.001643743385825 1.0003079083778192
1.1795886579778831 1.0019580890462347 4.58530260724415e-05 1.0016478359228889 1.000309742718168
1.1799046137440758 1.0019745896044197 4.58530260724415e-05 1.0016624905522264 1.0003115810516385
1.1802205695102685 1.001911036406792 4.58530260724415e-05 1.0015971124561798 1.000313423378231
1.1805365252764612 1.0019570462849035 4.58530260724415e-05 1.0016412591476824 1.0003152696979454
1.180852481042654 1.0020394665646892 4.58530260724415e-05 1.0017218005365032 1.0003171200107814
1.1811684368088466 1.0019538692334728 4.58530260724415e-05 1.0016343735935331 1.0003189743167393
1.1814843925750393 1.0019528425592756 4.58530260724415e-05 1.0016314865093718 1.0003208326158193
1.1818003483412323 1.0020243470834935 4.58530260724415e-05 1.0017011032381198 1.0003226949080208
1.182116304107425 1.0018592041814172 4.58530260724415e-05 1.00153414506412 1.0003245611933445
1.1824322598736177 1.0020324761068193 4.58530260724415e-05 1.0017054879101008 1.00032643147179
1.1827482156398104 1.0019510083435244 4.58530260724415e-05 1.001622170032429 1.000328305743357
1.183064171406003 1.0019892194775946 4.58530260724415e-05 1.0016584878633785 1.000330184008046
1.183380127172196 1.001987830189722 4.58530260724415e-05 1.0016552142830388 1.000332066265857
1.1836960829383887 1.0020283571711601 4.58530260724415e-05 1.0016938389925758 1.0003339525167898
1.1840120387045814 1.0019745731050513 4.58530260724415e-05 1.0016381801732548 1.0003358427608444
1.184327994470774 1.0019574706553027 4.58530260724415e-05 1.0016191867979936 1.0003377369980209
1.1846439502369668 1.0020498283963195 4.58530260724415e-05 1.0017096125233607 1.0003396352283191
1.1849599060031595 1.0018835877222927 4.58530260724415e-05 1.0015415237824488 1.0003415374517395
1.1852758617693522 1.0019946971206877 4.58530260724415e-05 1.0016506865345676 1.0003434436682814
1.185591817535545 1.0019336756626727 4.58530260724415e-05 1.0015877734410124 1.0003453538779452
1.1859077733017378 1.0019623138508869 4.58530260724415e-05 1.00161448511101 1.000347268080731
1.1862237290679305 1.0020912476887731 4.58530260724415e-05 1.0017414533205338 1.0003491862766385
1.1865396848341232 1.0019986984909128 4.58530260724415e-05 1.0016470117454779 1.000351108465668
1.186855640600316 1.0020114464051477 4.58530260724415e-05 1.0016578264871385 1.000353034647819
1.1871715963665086 1.0019225382380157 4.58530260724415e-05 1.0015670171789477 1.0003549648230923
1.1874875521327013 1.0019725789246963 4.58530260724415e-05 1.0016151035043974 1.000356898991487
1.1878035078988942 1.0020168021252904 4.58530260724415e-05 1.0016573702462659 1.0003588371530039
1.188119463665087 1.0020258290067872 4.58530260724415e-05 1.0016644492003146 1.0003607793076426
1.1884354194312796 1.0020396269889271 4.58530260724415e-05 1.0016762934992012 1.000362725455403
1.1887513751974723 1.0020135044668306 4.58530260724415e-05 1.0016482278020886 1.0003646755962854
1.189067330963665 1.002039064302745 4.58530260724415e-05 1.001671821632941 1.0003666297302896
1.1893832867298577 1.0020374915515025 4.58530260724415e-05 1.0016682887830988 1.0003685878574156
1.1896992424960504 1.0019345361921277 4.58530260724415e-05 1.0015634068940746 1.0003705499776634
1.1900151982622433 1.0020219575841844 4.58530260724415e-05 1.0016488272784585 1.0003725160910333
1.190331154028436 1.0020572815794941 4.58530260724415e-05 1.0016821654342323 1.0003744861975248
1.1906471097946287 1.0020509172231047 4.58530260724415e-05 1.0016738267966334 1.0003764602971381
1.1909630655608214 1.0020089743506864 4.58530260724415e-05 1.0016299191368392 1.0003784383898735
1.1912790213270141 1.0019905195568755 4.58530260724415e-05 1.001609486799411 1.0003804204757305
1.191594977093207 1.0019779896639378 4.58530260724415e-05 1.0015949731810292 1.0003824065547096
1.1919109328593998 1.0020250928665022 4.58530260724415e-05 1.0016400658039293 1.0003843966268102
1.1922268886255925 1.0020849006612096 4.58530260724415e-05 1.00169785393422 1.000386390692033
1.1925428443917852 1.001945219511787 4.58530260724415e-05 1.001556226340606 1.0003883887503775
1.1928588001579778 1.0020063094057103 4.58530260724415e-05 1.0016152880102849 1.0003903908018439
1.1931747559241705 1.0019861281115887 4.58530260724415e-05 1.0015931061353331 1.000392396846432
1.1934907116903632 1.0020762555501979 4.58530260724415e-05 1.0016811855948835 1.0003944068841422
1.1938066674565562 1.002016662397788 4.58530260724415e-05 1.0016195994397221 1.000396420914974
1.1941226232227489 1.0020223449637453 4.58530260724415e-05 1.0016232592551224 1.0003984389389278
1.1944385789889416 1.0020358303257266 4.58530260724415e-05 1.0016347147302995 1.0004004609560033
1.1947545347551343 1.0020680652378644 4.58530260724415e-05 1.0016649081678262 1.0004024869662007
1.195070490521327 1.0020314910797248 4.58530260724415e-05 1.0016263162376888 1.00040451696952
1.1953864462875197 1.0019116190153925 4.58530260724415e-05 1.001504456411224 1.0004065509659612
1.1957024020537124 1.0020781373522427 4.58530260724415e-05 1.0016688665162918 1.000408588955524
1.1960183578199053 1.002075222300734 4.58530260724415e-05 1.0016639081103766 1.000410630938209
1.196334313586098 1.0020468836235417 4.58530260724415e-05 1.0016335325883385 1.0004126769140156
1.1966502693522907 1.0020091031420288 4.58530260724415e-05 1.001593715302505 1.0004147268829442
1.1969662251184834 1.0020768466444954 4.58530260724415e-05 1.001659374204118 1.0004167808449944
1.197282180884676 1.002079989647769 4.58530260724415e-05 1.0016604553844615 1.0004188388001667
1.1975981366508688 1.002042919200327 4.58530260724415e-05 1.0016213360303177 1.0004209007484608
1.1979140924170615 1.00205643004422 4.58530260724415e-05 1.0016327727458596 1.0004229666898767
1.1982300481832544 1.0020255986680646 4.58530260724415e-05 1.0015998820351903 1.0004250366244145
1.198546003949447 1.0020619740892784 4.58530260724415e-05 1.0016341655678465 1.0004271105520741
1.1988619597156398 1.0020009471043956 4.58530260724415e-05 1.0015710843402512 1.0004291884728556
1.1991779154818325 1.0020931200385859 4.58530260724415e-05 1.001661133254246 1.0004312703867588
1.1994938712480252 1.0020325664045866 4.58530260724415e-05 1.001598517383234 1.000433356293784
1.1998098270142181 1.0020887246000898 4.58530260724415e-05 1.0016525588057168 1.0004354461939309
1.2001257827804108 1.0020152249137133 4.58530260724415e-05 1.0015769948280588 1.0004375400871999
1.2004417385466035 1.002054575536478 4.58530260724415e-05 1.0016142278870104 1.0004396379735905
1.2007576943127962 1.0020785013389144 4.58530260724415e-05 1.0016360387822798 1.0004417398531031
1.201073650078989 1.0020093183370415 4.58530260724415e-05 1.0015647780912367 1.0004438457257374
1.2013896058451816 1.002092716782065 4.58530260724415e-05 1.0016460271355665 1.0004459555914937
1.2017055616113743 1.0020719799043378 4.58530260724415e-05 1.001623183155182 1.0004480694503717
1.2020215173775672 1.0020113866004772 4.58530260724415e-05 1.0015604967822687 1.0004501873023717
1.20233747314376 1.0020334762381824 4.58530260724415e-05 1.0015804522376845 1.0004523091474935
1.2026534289099526 1.0021229700130065 4.58530260724415e-05 1.0016677771309928 1.0004544349857372
1.2029693846761453 1.0021382473492098 4.58530260724415e-05 1.0016809150854187 1.0004565648171024
1.203285340442338 1.0020930712021323 4.58530260724415e-05 1.0016336232197907 1.0004586986415898
1.2036012962085307 1.0021196521376516 4.58530260724415e-05 1.0016580515878297 1.000460836459199
1.2039172519747234 1.0021133182375863 4.58530260724415e-05 1.001649576249698 1.0004629782699301
1.2042332077409164 1.0021201402782285 4.58530260724415e-05 1.0016542467744467 1.000465124073783
1.204549163507109 1.0021659862109609 4.58530260724415e-05 1.0016979189470445 1.0004672738707576
1.2048651192733018 1.0020398367933407 4.58530260724415e-05 1.0015696722848977 1.0004694276608541
1.2051810750394945 1.0021419832416405 4.58530260724415e-05 1.00166961043359 1.0004715854440727
1.2054970308056872 1.002095411358522 4.58530260724415e-05 1.0016208962430195 1.0004737472204128
1.2058129865718799 1.0021046370659952 4.58530260724415e-05 1.0016279493138949 1.000475912989875
1.2061289423380726 1.002103052113407 4.58530260724415e-05 1.001624192862354 1.0004780827524589
1.2064448981042655 1.002101704711957 4.58530260724415e-05 1.001620669866541 1.0004802565081647
1.2067608538704582 1.0020646633789918 4.58530260724415e-05 1.0015814661685436 1.0004824342569922
1.2070768096366509 1.0021313306531974 4.58530260724415e-05 1.0016459170165364 1.0004846159989418
1.2073927654028436 1.0022015835330143 4.58530260724415e-05 1.001713947446412 1.0004868017340132
1.2077087211690363 1.0021243657386252 4.58530260724415e-05 1.0016345749832076 1.0004889914622064
1.2080246769352292 1.002128893658096 4.58530260724415e-05 1.0016369044513613 1.0004911851835214
1.208340632701422 1.00209944714626 4.58530260724415e-05 1.0016052722344349 1.0004933828979583
1.2086565884676146 1.0021276123473835 4.58530260724415e-05 1.001631219334676 1.000495584605517
1.2089725442338073 1.0021564154130107 4.58530260724415e-05 1.0016577998701082 1.0004977903061976
1.2092885 1.0021200763643283 4.58530260724415e-05 1.001619266730963 1.0005
