sim_data/sim_data_baseline.ecsv
# %ECSV 0.9
# ---
# datatype:
# - {name: Time (days), datatype: float64}
# - {name: Flux, datatype: float64}
# - {name: Flux err, datatype: float64}
# meta:
#   Amplitude: 0.001
#   M_star: 1.0
#   Period: 1.0
#   R_star: 1.0
#   b_impact: !astropy.units.Quantity
#     unit: !astropy.units.Unit {unit: ''}
#     value: 0.512860118872354
#   baseline_c: [0.0002, 0.0002, 0.0003, 1.0]
#   dur_14: 0.07484685034248201
#   dur_23: 0.05665970843307687
#   inc: 83
#   prot_star: 1.0
#   rp: 0.1
#   t0: 0.0
#   y_input: [0.212587193559822, 0.1875962015746607, 0.10421312437579247, 0.1048652652063154, 0.07396204094643963, -0.10988426114539027,
#     -0.0061783184460587155, -0.06551775984748415, 0.12105423789196276, 0.15378327548573822, -0.04586185856263464, 0.05546885463911624,
#     0.12380765335963172, 0.04624802712083938, -0.10450553441687424]
# schema: astropy-2.0
"Time (days)" Flux "Flux err"
[from data line 1040]
0.5016121152906693 1.0000299280466507 1.5e-05
0.5017098192476795 1.0000097187887658 1.5e-05
0.5018075232046898 1.0000146114899906 1.5e-05
0.5019052271617 1.000022514194122 1.5e-05
0.5020029311187103 1.000027591053556 1.5e-05
0.5021006350757206 1.0000126680227481 1.5e-05
0.5021983390327308 1.0000132270318898 1.5e-05
0.5022960429897411 0.9999980075590552 1.5e-05
0.5023937469467513 1.0000077949344646 1.5e-05
0.5024914509037616 0.9999947890760068 1.5e-05
0.5025891548607718 0.9999971058170865 1.5e-05
0.5026868588177821 0.9999948051139964 1.5e-05
0.5027845627747923 1.0000061727040155 1.5e-05
0.5028822667318027 1.000024554274868 1.5e-05
0.502979970688813 1.000056687864657 1.5e-05
0.5030776746458232 1.000012270817322 1.5e-05
0.5031753786028335 0.9999895078066788 1.5e-05
0.5032730825598437 1.000029015462485 1.5e-05
0.503370786516854 1.0000058354586652 1.5e-05
0.5034684904738642 1.000000745190943 1.5e-05
0.5035661944308745 1.0000141097856101 1.5e-05
0.5036638983878847 0.9999926604364157 1.5e-05
0.503761602344895 1.0000149154312485 1.5e-05
0.5038593063019052 1.000010561651493 1.5e-05
0.5039570102589155 1.0000136722676989 1.5e-05
0.5040547142159257 1.0000182276046339 1.5e-05
0.504152418172936 1.000013828822564 1.5e-05
0.5042501221299462 1.0000133720660795 1.5e-05
0.5043478260869565 1.0000177027630945 1.5e-05
0.5044455300439668 1.0000199805111134 1.5e-05
0.504543234000977 0.9999985888223986 1.5e-05
0.5046409379579873 0.9999929233943725 1.5e-05
0.5047386419149975 1.0000137617169103 1.5e-05
0.5048363458720078 0.9999935081124004 1.5e-05
0.504934049829018 1.000016626062349 1.5e-05
0.5050317537860283 1.000029708534803 1.5e-05
0.5051294577430386 1.0000250484127955 1.5e-05
0.5052271617000489 1.0000005337023699 1.5e-05
0.5053248656570591 1.0000036677266897 1.5e-05
0.5054225696140694 1.0000218122859859 1.5e-05
0.5055202735710796 1.000011184362807 1.5e-05
0.5056179775280899 1.0000127707159208 1.5e-05
0.5057156814851002 1.0000267915268197 1.5e-05
0.5058133854421104 1.000003345789258 1.5e-05
0.5059110893991207 1.0000124547637728 1.5e-05
0.5060087933561309 1.0000067904195682 1.5e-05
0.5061064973131412 1.0000034635780453 1.5e-05
0.5062042012701514 1.000006573786014 1.5e-05
0.5063019052271617 1.000029912183895 1.5e-05
0.5063996091841719 1.0000208476681456 1.5e-05
0.5064973131411822 1.0000072034195626 1.5e-05
0.5065950170981924 1.0000172457094567 1.5e-05
0.5066927210552027 0.9999964513435635 1.5e-05
0.5067904250122129 1.0000103561665747 1.5e-05
0.5068881289692233 1.0000539229936187 1.5e-05
0.5069858329262336 1.0000206480328147 1.5e-05
0.5070835368832438 1.0000333003548776 1.5e-05
0.5071812408402541 1.0000216668466788 1.5e-05
0.5072789447972643 1.000028196285769 1.5e-05
0.5073766487542746 1.000033247628329 1.5e-05
0.5074743527112848 1.0000070542490707 1.5e-05
0.5075720566682951 1.0000234856662278 1.5e-05
0.5076697606253053 1.0000479595743654 1.5e-05
0.5077674645823156 1.0000126699897183 1.5e-05
0.5078651685393258 1.000016433222758 1.5e-05
0.5079628724963361 1.0000206422594329 1.5e-05
0.5080605764533463 1.0000296213953555 1.5e-05
0.5081582804103566 1.0000337885630302 1.5e-05
0.5082559843673669 1.0000452554000947 1.5e-05
0.5083536883243771 1.0000340660106863 1.5e-05
0.5084513922813874 1.0000259726054277 1.5e-05
0.5085490962383976 1.0000461220166104 1.5e-05
0.5086468001954079 1.0000381269994512 1.5e-05
0.5087445041524181 1.000005460752974 1.5e-05
0.5088422081094284 1.0000661251755347 1.5e-05
0.5089399120664386 1.0000551106550202 1.5e-05
0.509037616023449 1.000026370767681 1.5e-05
0.5091353199804592 1.0000348963344998 1.5e-05
0.5092330239374695 1.0000494274356477 1.5e-05
0.5093307278944798 1.0000273128155002 1.5e-05
0.50942843185149 1.0000411864388477 1.5e-05
0.5095261358085003 1.0000471354303915 1.5e-05
0.5096238397655105 1.0000156792948325 1.5e-05
0.5097215437225208 1.0000222032929038 1.5e-05
0.509819247679531 1.000045397007622 1.5e-05
0.5099169516365413 1.0000388252696164 1.5e-05
0.5100146555935515 1.00004610810924 1.5e-05
0.5101123595505618 1.000030600507546 1.5e-05
0.510210063507572 1.0000285927479742 1.5e-05
0.5103077674645823 1.0000032867545237 1.5e-05
0.5104054714215925 1.000016416634929 1.5e-05
0.5105031753786028 1.0000346536104976 1.5e-05
0.510600879335613 1.0000466572557325 1.5e-05
0.5106985832926233 1.0000425978062784 1.5e-05
0.5107962872496337 1.0000330480438895 1.5e-05
0.5108939912066439 1.0000312374147433 1.5e-05
0.5109916951636542 1.0000389148409157 1.5e-05
0.5110893991206644 1.0000371736460376 1.5e-05
0.5111871030776747 1.0000574132992155 1.5e-05
0.5112848070346849 1.000038885467619 1.5e-05
0.5113825109916952 1.0000148141989993 1.5e-05
0.5114802149487054 1.0000182900737744 1.5e-05
0.5115779189057157 1.0000605073701783 1.5e-05
0.5116756228627259 1.0000205035208087 1.5e-05
0.5117733268197362 1.0000498864903555 1.5e-05
0.5118710307767464 1.000034740349068 1.5e-05
0.5119687347337567 1.000036567648129 1.5e-05
0.512066438690767 1.0000374505959289 1.5e-05
0.5121641426477772 1.0000581332358414 1.5e-05
0.5122618466047875 1.0000372685746532 1.5e-05
0.5123595505617977 1.0000400116172539 1.5e-05
0.512457254518808 1.000017899067921 1.5e-05
0.5125549584758182 1.000044313700569 1.5e-05
0.5126526624328285 1.0000495308659352 1.5e-05
0.5127503663898387 1.0000455044402181 1.5e-05
0.512848070346849 1.0000632391731985 1.5e-05
0.5129457743038593 1.0000434507143712 1.5e-05
0.5130434782608696 1.0000474617593211 1.5e-05
0.5131411822178799 1.0000680598635974 1.5e-05
0.5132388861748901 1.0000204348630206 1.5e-05
0.5133365901319004 1.000037203803328 1.5e-05
0.5134342940889106 1.0000657907434383 1.5e-05
0.5135319980459209 1.0000587964415022 1.5e-05
0.5136297020029311 1.0000552870366735 1.5e-05
0.5137274059599414 1.0000579587434222 1.5e-05
0.5138251099169516 1.0000507327097796 1.5e-05
0.5139228138739619 1.000070660201155 1.5e-05
0.5140205178309721 1.0000522109196168 1.5e-05
0.5141182217879824 1.0000505021450568 1.5e-05
0.5142159257449926 1.0000496487074604 1.5e-05
0.5143136297020029 1.0000505181013983 1.5e-05
0.5144113336590131 1.0000306302477047 1.5e-05
0.5145090376160234 1.000059908876832 1.5e-05
0.5146067415730337 1.0000467539612112 1.5e-05
0.514704445530044 1.0000764036996999 1.5e-05
0.5148021494870543 1.000048302348827 1.5e-05
0.5148998534440645 1.0000561153319598 1.5e-05
0.5149975574010748 1.000053865095425 1.5e-05
0.515095261358085 1.0000411472348347 1.5e-05
0.5151929653150953 1.0000657796165984 1.5e-05
0.5152906692721055 1.0000798405243136 1.5e-05
0.5153883732291158 1.0000514082901666 1.5e-05
0.515486077186126 1.0000474899569738 1.5e-05
0.5155837811431363 1.0000470396357386 1.5e-05
0.5156814851001466 1.0000243469531112 1.5e-05
0.5157791890571568 1.0000504356338835 1.5e-05
0.5158768930141671 1.0000572378026262 1.5e-05
0.5159745969711773 1.0000696650709133 1.5e-05
0.5160723009281876 1.0000686151324412 1.5e-05
0.5161700048851978 1.0000483371597488 1.5e-05
0.5162677088422081 1.000050804332353 1.5e-05
0.5163654127992183 1.0000721889044974 1.5e-05
0.5164631167562286 1.0000531003447235 1.5e-05
0.5165608207132388 1.0000484252024207 1.5e-05
0.5166585246702491 1.000077339228346 1.5e-05
0.5167562286272593 1.000072389712533 1.5e-05
0.5168539325842697 1.0000574822805348 1.5e-05
0.51695163654128 1.0000486691323345 1.5e-05
0.5170493404982902 1.0000277728485214 1.5e-05
0.5171470444553005 1.0000671759447703 1.5e-05
0.5172447484123107 1.000045261190305 1.5e-05
0.517342452369321 1.0000296430359759 1.5e-05
0.5174401563263312 1.0000832382878382 1.5e-05
0.5175378602833415 1.0000695640571244 1.5e-05
0.5176355642403517 1.0000431377818053 1.5e-05
0.517733268197362 1.0000423873678115 1.5e-05
0.5178309721543722 1.000074050859879 1.5e-05
0.5179286761113825 1.0000481969989514 1.5e-05
0.5180263800683927 1.000081193132143 1.5e-05
0.518124084025403 1.0000713800533363 1.5e-05
0.5182217879824133 1.0000705655351065 1.5e-05
0.5183194919394235 1.0000689709833488 1.5e-05
0.5184171958964338 1.0000661567917737 1.5e-05
0.518514899853444 1.0000768786259633 1.5e-05
0.5186126038104544 1.000057244339329 1.5e-05
0.5187103077674646 1.0000657318028296 1.5e-05
0.5188080117244749 1.0000761094254365 1.5e-05
0.5189057156814851 1.0000736625444704 1.5e-05
0.5190034196384954 1.0000476794208588 1.5e-05
0.5191011235955056 1.0000584876090206 1.5e-05
0.5191988275525159 1.0000701760048463 1.5e-05
0.5192965315095261 1.0000606531241412 1.5e-05
0.5193942354665364 1.0000937860755723 1.5e-05
0.5194919394235467 1.0000616579727426 1.5e-05
0.5195896433805569 1.0000655140919503 1.5e-05
0.5196873473375672 1.0000798822466008 1.5e-05
0.5197850512945774 1.0000736914156647 1.5e-05
0.5198827552515877 1.0000669475032833 1.5e-05
0.5199804592085979 1.0000581728756035 1.5e-05
0.5200781631656082 1.0000744390018586 1.5e-05
0.5201758671226184 1.000085899036511 1.5e-05
0.5202735710796287 1.0000778945626698 1.5e-05
0.5203712750366389 1.000059430789623 1.5e-05
0.5204689789936492 1.0000975552209765 1.5e-05
0.5205666829506594 1.0000501994831839 1.5e-05
0.5206643869076697 1.0000485563058699 1.5e-05
0.52076209086468 1.0000871069264734 1.5e-05
0.5208597948216903 1.0000764852089121 1.5e-05
0.5209574987787006 1.00006525472436 1.5e-05
0.5210552027357108 1.0000574191058653 1.5e-05
0.5211529066927211 1.0001091151678698 1.5e-05
0.5212506106497313 1.0000764594013745 1.5e-05
0.5213483146067416 1.0000831194751056 1.5e-05
0.5214460185637518 1.000080278067252 1.5e-05
0.5215437225207621 1.0000824362477652 1.5e-05
0.5216414264777723 1.0000844204996466 1.5e-05
0.5217391304347826 1.0000877111284348 1.5e-05
0.5218368343917928 1.0000715012470378 1.5e-05
0.5219345383488031 1.0000731617719536 1.5e-05
0.5220322423058134 1.0000518267201703 1.5e-05
0.5221299462628236 1.0000666466057748 1.5e-05
0.5222276502198339 1.000082827727656 1.5e-05
0.5223253541768441 1.0000948465699941 1.5e-05
0.5224230581338544 1.000088566186829 1.5e-05
0.5225207620908647 1.0000748796241419 1.5e-05
0.522618466047875 1.000061452480029 1.5e-05
0.5227161700048852 1.0000391496632157 1.5e-05
0.5228138739618955 1.0000985032920475 1.5e-05
0.5229115779189057 1.000072799828041 1.5e-05
0.523009281875916 1.0000753252068733 1.5e-05
0.5231069858329263 1.0000844409011636 1.5e-05
0.5232046897899365 1.0000617970222316 1.5e-05
0.5233023937469468 1.0000780506897893 1.5e-05
0.523400097703957 1.000114068817609 1.5e-05
0.5234978016609673 1.00009171262715 1.5e-05
0.5235955056179775 1.0000899380170918 1.5e-05
0.5236932095749878 1.0000612276810419 1.5e-05
0.523790913531998 1.000119042961349 1.5e-05
0.5238886174890083 1.0000644619030659 1.5e-05
0.5239863214460185 1.0001150632696987 1.5e-05
0.5240840254030288 1.000054918233596 1.5e-05
0.524181729360039 1.0001081507082366 1.5e-05
0.5242794333170493 1.0001117635560117 1.5e-05
0.5243771372740595 1.000075546281804 1.5e-05
0.5244748412310698 1.0000946763196563 1.5e-05
0.52457254518808 1.0000969742022014 1.5e-05
0.5246702491450903 1.0000769781326493 1.5e-05
0.5247679531021007 1.0000678729648955 1.5e-05
0.5248656570591109 1.0000702703410154 1.5e-05
0.5249633610161212 1.000098580608852 1.5e-05
0.5250610649731314 1.0000896154397325 1.5e-05
0.5251587689301417 1.0000828552086516 1.5e-05
0.5252564728871519 1.0001062522251705 1.5e-05
0.5253541768441622 1.0000998006441604 1.5e-05
0.5254518808011724 1.0000812761534918 1.5e-05
0.5255495847581827 1.000075020338853 1.5e-05
0.525647288715193 1.0001013212664955 1.5e-05
0.5257449926722032 1.0000858393433845 1.5e-05
0.5258426966292135 1.0000958249855731 1.5e-05
0.5259404005862237 1.0001184170966442 1.5e-05
0.526038104543234 1.000102740290219 1.5e-05
0.5261358085002442 1.0000827043653748 1.5e-05
0.5262335124572545 1.0000984853961066 1.5e-05
0.5263312164142648 1.0000822205150208 1.5e-05
0.5264289203712751 1.00012107874511 1.5e-05
0.5265266243282853 1.0000889617617903 1.5e-05
0.5266243282852956 1.0001009340042182 1.5e-05
0.5267220322423058 1.000102880143392 1.5e-05
0.5268197361993161 1.0001010924442597 1.5e-05
0.5269174401563264 1.000069762743794 1.5e-05
0.5270151441133366 1.0000778865437328 1.5e-05
0.5271128480703469 1.000093240908315 1.5e-05
0.5272105520273571 1.000105261313316 1.5e-05
0.5273082559843674 1.0000988456644604 1.5e-05
0.5274059599413776 1.000086997795412 1.5e-05
0.5275036638983879 1.0000815726361152 1.5e-05
0.5276013678553981 1.000096222375099 1.5e-05
0.5276990718124084 1.0000956644840195 1.5e-05
0.5277967757694186 1.0001108323779222 1.5e-05
0.5278944797264289 1.000098691145287 1.5e-05
0.5279921836834391 1.0001130760776114 1.5e-05
0.5280898876404494 1.0000955626391956 1.5e-05
0.5281875915974596 1.00010109304889 1.5e-05
0.5282852955544699 1.0001001617747731 1.5e-05
0.5283829995114802 1.0000951287626532 1.5e-05
0.5284807034684904 1.000120501161886 1.5e-05
0.5285784074255007 1.0001045550574208 1.5e-05
0.5286761113825109 1.000115506694121 1.5e-05
0.5287738153395213 1.000129508211021 1.5e-05
0.5288715192965315 1.0001189665006176 1.5e-05
0.5289692232535418 1.0001418254684142 1.5e-05
0.529066927210552 1.0001446701092933 1.5e-05
0.5291646311675623 1.0001584717012475 1.5e-05
0.5292623351245725 1.0001726190609266 1.5e-05
0.5293600390815828 1.0001709782751005 1.5e-05
0.529457743038593 1.0001893490545837 1.5e-05
0.5295554469956033 1.000222148674732 1.5e-05
0.5296531509526136 1.000212175726035 1.5e-05
0.5297508549096238 1.0002399611719004 1.5e-05
0.5298485588666341 1.000238361419814 1.5e-05
0.5299462628236443 1.000255322818235 1.5e-05
0.5300439667806546 1.0002427984237034 1.5e-05
0.5301416707376648 1.0002668609173238 1.5e-05
0.5302393746946752 1.0002783321135091 1.5e-05
0.5303370786516854 1.0002783381173506 1.5e-05
0.5304347826086957 1.000286564049318 1.5e-05
0.530532486565706 1.0002881099637988 1.5e-05
0.5306301905227162 1.0003446549768111 1.5e-05
0.5307278944797265 1.0003195574423103 1.5e-05
0.5308255984367367 1.000366473204274 1.5e-05
0.530923302393747 1.0003516002419042 1.5e-05
0.5310210063507572 1.0003582201734265 1.5e-05
0.5311187103077675 1.0003932591457214 1.5e-05
0.5312164142647777 1.0003874333585743 1.5e-05
0.531314118221788 1.0004186383673566 1.5e-05
0.5314118221787982 1.0004185562356867 1.5e-05
0.5315095261358085 1.0004444291096073 1.5e-05
0.5316072300928187 1.0004366076700049 1.5e-05
0.531704934049829 1.0004777542628336 1.5e-05
0.5318026380068392 1.000486994760611 1.5e-05
0.5319003419638495 1.0004805119222433 1.5e-05
0.5319980459208598 1.0005488335426427 1.5e-05
0.53209574987787 1.0005324048066588 1.5e-05
0.5321934538348803 1.0005740195621242 1.5e-05
0.5322911577918905 1.0005792575551178 1.5e-05
0.5323888617489008 1.0005682417137658 1.5e-05
0.532486565705911 1.0005809403577401 1.5e-05
0.5325842696629213 1.0005973434646407 1.5e-05
0.5326819736199316 1.0005924259982883 1.5e-05
0.5327796775769419 1.0006261291713612 1.5e-05
0.5328773815339521 1.0006571527875516 1.5e-05
0.5329750854909624 1.000693409785012 1.5e-05
0.5330727894479727 1.0006761630074488 1.5e-05
0.5331704934049829 1.0007183860071283 1.5e-05
0.5332681973619932 1.0007039040564436 1.5e-05
0.5333659013190034 1.000731570537759 1.5e-05
0.5334636052760137 1.0007512847106137 1.5e-05
0.5335613092330239 1.0007816068457436 1.5e-05
0.5336590131900342 1.0008008444931715 1.5e-05
0.5337567171470444 1.0008264324122034 1.5e-05
0.5338544211040547 1.0008416064585999 1.5e-05
0.5339521250610649 1.0008517510111887 1.5e-05
0.5340498290180752 1.00087201060369 1.5e-05
0.5341475329750855 1.000908003667916 1.5e-05
0.5342452369320958 1.0008944677744593 1.5e-05
0.534342940889106 1.000931631650469 1.5e-05
0.5344406448461163 1.0009106495298854 1.5e-05
0.5345383488031266 1.0009615747832412 1.5e-05
0.5346360527601368 1.000965617068031 1.5e-05
0.5347337567171471 1.0009901737599556 1.5e-05
0.5348314606741573 1.00102278315144 1.5e-05
0.5349291646311676 1.0010264404648535 1.5e-05
0.5350268685881778 1.001053756701878 1.5e-05
0.5351245725451881 1.001078778249446 1.5e-05
0.5352222765021983 1.0010783516084147 1.5e-05
0.5353199804592086 1.0011055509087596 1.5e-05
0.5354176844162188 1.001098143641494 1.5e-05
0.5355153883732291 1.001117539644949 1.5e-05
0.5356130923302393 1.0011239715142233 1.5e-05
0.5357107962872496 1.0011611061022927 1.5e-05
