sim_data/sim_data_gcm01_baseline_hd189_ncF444W.ecsv
# %ECSV 1.0
# ---
# datatype:
# - {name: Time (days), datatype: float64}
# - {name: Flux, datatype: float64}
# - {name: Flux err, datatype: float64}
# - {name: Flux before Baseline, datatype: float64}
# - {name: Baseline, datatype: float64}
# meta:
#   Amplitude: 0.0014619
#   M_planet: 0.0011130568768082329
#   M_planet_units: Msun
#   M_star: 0.812
#   M_star_units: Msun
#   Period: 2.218577
#   Period_units: days
#   R_star: 0.765
#   b_impact: !astropy.units.Quantity
#     unit: !astropy.units.Unit {unit: ''}
#     value: 0.6560793167814927
#   baseline_c: [0.0002, 0.0003, 1.0]
#   dur_14: 0.07681051894288836
#   dur_23: 0.043817925785034365
#   inc: 85.69
#   inc_units: deg
#   prot_star: 1.0
#   rp: 0.115056
#   rp_units: Rsun
#   t0: 0.0
#   y_input: [-8.684814416881487e-05, 0.08670433230910421, 0.1494331284409861, 0.0018629052589362975, 0.00027639925356365893, 0.06802456935447314,
#     0.015511602373684364, 0.09454611053054753, 0.000729828947182707, -0.0008445077266664528, 0.0012521910694945721, -0.0033840033897579247,
#     -0.013452997366555365, -0.019385414730800646, -0.028814623693635848]
# schema: astropy-2.0
"Time (days)" Flux "Flux err" "Flux before Baseline" Baseline
[from data line 167]
1.0620531129541864 1.0015307261466528 4.58530260724415e-05 1.0016279667191232 0.9999029174746499
1.062369068720379 1.0016561533311592 4.58530260724415e-05 1.0017530525364948 0.9999032703667932
1.0626850244865718 1.0016163511788843 4.58530260724415e-05 1.001712889002646 0.9999036272520583
1.0630009802527645 1.001644179695766 4.58530260724415e-05 1.0017403586604094 0.9999039881304453
1.0633169360189572 1.0016167164227787 4.58530260724415e-05 1.0017125272189122 0.9999043530019541
1.0636328917851499 1.0016415351562227 4.58530260724415e-05 1.0017369787857342 0.9999047218665849
1.0639488475513428 1.0015725532156194 4.58530260724415e-05 1.00166761675691 0.9999050947243373
1.0642648033175355 1.0015551382710315 4.58530260724415e-05 1.0016498226509563 0.9999054715752117
1.0645807590837282 1.0016339660805444 4.58530260724415e-05 1.001728276374376 0.9999058524192079
1.0648967148499209 1.0015660432647557 4.58530260724415e-05 1.0016599616509885 0.999906237256326
1.0652126706161136 1.0015714301303293 4.58530260724415e-05 1.0016649595075484 0.9999066260865659
1.0655286263823063 1.001582329891472 4.58530260724415e-05 1.0016754667682708 0.9999070189099276
1.065844582148499 1.001604191086605 4.58530260724415e-05 1.0016969324694536 0.9999074157264113
1.066160537914692 1.0015873375126036 4.58530260724415e-05 1.001679675814922 0.9999078165360167
1.0664764936808846 1.0015407096616773 4.58530260724415e-05 1.0016326381642784 0.999908221338744
1.0667924494470773 1.0015744260675228 4.58530260724415e-05 1.0016659481503878 0.9999086301345932
1.06710840521327 1.0015021842274094 4.58530260724415e-05 1.001593286224502 0.9999090429235642
1.0674243609794627 1.0016329841953886 4.58530260724415e-05 1.0017236805522762 0.999909459705657
1.0677403167456554 1.0015310626112301 4.58530260724415e-05 1.00162132824368 0.9999098804808717
1.0680562725118483 1.0015540813779071 4.58530260724415e-05 1.0016439235800148 0.9999103052492082
1.068372228278041 1.0016073126644 4.58530260724415e-05 1.0016967301140256 0.9999107340106667
1.0686881840442337 1.0015712213857628 4.58530260724415e-05 1.001660202101639 0.9999111667652468
1.0690041398104264 1.001676087658847 4.58530260724415e-05 1.0017646401338869 0.9999116035129489
1.0693200955766191 1.0015462821136911 4.58530260724415e-05 1.0016343816131725 0.9999120442537729
1.0696360513428118 1.0016180224234315 4.58530260724415e-05 1.0017056827017325 0.9999124889877187
1.0699520071090045 1.0016042012557282 4.58530260724415e-05 1.0016914107990313 0.9999129377147863
1.0702679628751974 1.0015526741099912 4.58530260724415e-05 1.0016394256649592 0.9999133904349757
1.0705839186413901 1.0016304534291938 4.58530260724415e-05 1.0017167541841754 0.9999138471482871
1.0708998744075828 1.0015988318465676 4.58530260724415e-05 1.0016846683546927 0.9999143078547202
1.0712158301737755 1.0016369931758335 4.58530260724415e-05 1.0017223674145337 0.9999147725542753
1.0715317859399682 1.001629204950904 4.58530260724415e-05 1.0017141089896924 0.9999152412469521
1.071847741706161 1.001677014070192 4.58530260724415e-05 1.0017614486030166 0.9999157139327508
1.0721636974723538 1.0016225786440216 4.58530260724415e-05 1.001706531055674 0.9999161906116714
1.0724796532385465 1.0015252467781928 4.58530260724415e-05 1.0016087095461803 0.9999166712837138
1.0727956090047392 1.0015097045269743 4.58530260724415e-05 1.0015926805222028 0.9999171559488781
1.073111564770932 1.0015474179749793 4.58530260724415e-05 1.0016299075994957 0.9999176446071641
1.0734275205371246 1.001501328476116 4.58530260724415e-05 1.0015833208325278 0.9999181372585721
1.0737434763033173 1.0014730229069648 4.58530260724415e-05 1.0015545154887209 0.9999186339031019
1.07405943206951 1.0013401533227066 4.58530260724415e-05 1.0014211337025827 0.9999191345407535
1.074375387835703 1.0013821372084848 4.58530260724415e-05 1.001462615573957 0.999919639171527
1.0746913436018957 1.0013168373240287 4.58530260724415e-05 1.0013968010662508 0.9999201477954224
1.0750072993680884 1.0013295032641814 4.58530260724415e-05 1.0014089546376217 0.9999206604124395
1.075323255134281 1.001276840069078 4.58530260724415e-05 1.0013557699123203 0.9999211770225787
1.0756392109004738 1.0012865265809217 4.58530260724415e-05 1.0013649358327985 0.9999216976258395
1.0759551666666665 1.0012216831984562 4.58530260724415e-05 1.0012995620532825 0.9999222222222223
1.0762711224328592 1.0012045268292853 4.58530260724415e-05 1.001281875041365 0.9999227508117268
1.076587078199052 1.001107518193757 4.58530260724415e-05 1.0011843256568482 0.9999232833943532
1.0769030339652448 1.0010452254861608 4.58530260724415e-05 1.0011214909512736 0.9999238199701015
1.0772189897314375 1.0010286479719623 4.58530260724415e-05 1.0011043709670155 0.9999243605389716
1.0775349454976302 1.0010049846415632 4.58530260724415e-05 1.001080160655155 0.9999249051009635
1.0778509012638229 1.0009809601161355 4.58530260724415e-05 1.0010555851500718 0.9999254536560774
1.0781668570300156 1.001024568490376 4.58530260724415e-05 1.0010986435788716 0.999926006204313
1.0784828127962085 1.0008761362049263 4.58530260724415e-05 1.0009496431984448 0.9999265627456706
1.0787987685624012 1.0007911236137117 4.58530260724415e-05 1.000864063303661 0.99992712328015
1.079114724328594 1.0007758512325229 4.58530260724415e-05 1.0008482247617638 0.9999276878077511
1.0794306800947866 1.0007271952745174 4.58530260724415e-05 1.0007989962689692 0.9999282563284742
1.0797466358609793 1.0007273325013795 4.58530260724415e-05 1.0007985604935352 0.9999288288423192
1.080062591627172 1.000591578688621 4.58530260724415e-05 1.000662220088531 0.9999294053492859
1.080378547393365 1.0006223449313292 4.58530260724415e-05 1.0006924075602819 0.9999299858493744
1.0806945031595576 1.0005841848875905 4.58530260724415e-05 1.0006536599283904 0.9999305703425849
1.0810104589257503 1.0005456538762154 4.58530260724415e-05 1.0006145373527693 0.9999311588289171
1.081326414691943 1.0004661454075807 4.58530260724415e-05 1.0005344305733967 0.9999317513083713
1.0816423704581357 1.0004417617825276 4.58530260724415e-05 1.0005094484668997 0.9999323477809473
1.0819583262243284 1.00034721965832 4.58530260724415e-05 1.0004142991911622 0.9999329482466451
1.0822742819905211 1.0003505307239133 4.58530260724415e-05 1.000417005727351 0.9999335527054648
1.082590237756714 1.0003097812814623 4.58530260724415e-05 1.0003756448560785 0.9999341611574064
1.0829061935229067 1.00031624728341 4.58530260724415e-05 1.0003814985647173 0.9999347736024697
1.0832221492890994 1.000207732518196 4.58530260724415e-05 1.0002723600747143 0.999935390040655
1.0835381050552921 1.0002613033364873 4.58530260724415e-05 1.0003253136811943 0.999936010471962
1.0838540608214848 1.0002600201856047 4.58530260724415e-05 1.0003234057818546 0.999936634896391
1.0841700165876775 1.0000639785187846 4.58530260724415e-05 1.0001267231550337 0.9999372633139417
1.0844859723538702 1.0001473120251798 4.58530260724415e-05 1.0002094293070207 0.9999378957246143
1.0848019281200632 1.0001292980528245 4.58530260724415e-05 1.0001907776511119 0.9999385321284088
1.0851178838862559 1.0000412775063108 4.58530260724415e-05 1.0001021111921515 0.9999391725253252
1.0854338396524486 1.0000264332819535 4.58530260724415e-05 1.0000866215797442 0.9999398169153633
1.0857497954186413 1.0000147793291942 4.58530260724415e-05 1.000074318455198 0.9999404652985233
1.086065751184834 0.9999857360781683 4.58530260724415e-05 1.0000446210307532 0.9999411176748052
1.0863817069510266 0.9999663074603263 4.58530260724415e-05 1.0000245348446823 0.9999417740442088
1.0866976627172196 0.9998876618438591 4.58530260724415e-05 0.9999452242839282 0.9999424344067344
1.0870136184834123 1.0000049160801832 4.58530260724415e-05 1.0000618208354835 0.9999430987623817
1.087329574249605 0.9999940062599346 4.58530260724415e-05 1.000050241974035 0.9999437671111511
1.0876455300157977 0.9999071463126009 4.58530260724415e-05 0.9999627047874163 0.9999444394530421
1.0879614857819904 0.9998778794855331 4.58530260724415e-05 0.999932760007064 0.9999451157880551
1.088277441548183 0.9999696872224942 4.58530260724415e-05 1.0000238924013654 0.9999457961161898
1.088593397314376 0.9999200802296576 4.58530260724415e-05 0.999973598379208 0.9999464804374465
1.0889093530805687 0.9999536773900461 4.58530260724415e-05 1.0000065089820989 0.999947168751825
1.0892253088467614 0.9999332196485157 4.58530260724415e-05 0.9999853578257629 0.9999478610593253
1.089541264612954 0.9999802648731283 4.58530260724415e-05 1.0000317091443829 0.9999485573599475
1.0898572203791468 0.9999811123878234 4.58530260724415e-05 1.0000318563505979 0.9999492576536915
1.0901731761453395 0.9999166927698527 4.58530260724415e-05 0.9999667291644873 0.9999499619405574
1.0904891319115322 0.9998872419260888 4.58530260724415e-05 0.9999365685764856 0.9999506702205451
1.090805087677725 0.9998788035068316 4.58530260724415e-05 0.999927417484396 0.9999513824936547
1.0911210434439178 0.9999800851608229 4.58530260724415e-05 1.0000279877415843 0.9999520987598861
1.0914369992101105 0.9998983087966629 4.58530260724415e-05 0.9999454872054564 0.9999528190192394
1.0917529549763032 0.9999303052878177 4.58530260724415e-05 0.9999767609364923 0.9999535432717145
1.092068910742496 0.9999269299645039 4.58530260724415e-05 0.9999726571968476 0.9999542715173114
1.0923848665086886 0.9999525934948814 4.58530260724415e-05 0.9999975896303936 0.9999550037560302
1.0927008222748813 0.9998669596290435 4.58530260724415e-05 0.9999112157115789 0.9999557399878709
1.0930167780410742 0.9999651359060436 4.58530260724415e-05 1.0000086560699206 0.9999564802128333
1.093332733807267 0.9999812453921385 4.58530260724415e-05 1.000024021988775 0.9999572244309177
1.0936486895734596 0.99996202689199 4.58530260724415e-05 1.0000040544202626 0.9999579726421239
1.0939646453396523 0.9999444703630957 4.58530260724415e-05 0.9999857449282635 0.999958724846452
1.094280601105845 0.999963946955304 4.58530260724415e-05 1.0000044660923635 0.9999594810439019
1.0945965568720377 0.999978537989479 4.58530260724415e-05 1.0000182974824907 0.9999602412344736
1.0949125126382306 0.9998338786076687 4.58530260724415e-05 0.9998728682320513 0.9999610054181672
1.0952284684044233 1.0000514546647323 4.58530260724415e-05 1.0000896844980656 0.9999617735949826
1.095544424170616 0.9999804320542736 4.58530260724415e-05 1.000017886959296 0.9999625457649199
1.0958603799368087 0.9999334081174621 4.58530260724415e-05 0.9999700850922619 0.9999633219279791
1.0961763357030014 0.9999461763323747 4.58530260724415e-05 0.9999820736046944 0.9999641020841601
1.0964922914691941 0.9999875249930928 4.58530260724415e-05 1.00002263955459 0.9999648862334629
1.096808247235387 0.9999603508416839 4.58530260724415e-05 0.9999946762830564 0.9999656743758876
1.0971242030015798 0.9998733566059926 4.58530260724415e-05 0.9999068869721539 0.9999664665114341
1.0974401587677725 1.0000619227860759 4.58530260724415e-05 1.0000946632449983 0.9999672626401024
1.0977561145339652 0.9999629943001324 4.58530260724415e-05 0.9999949313763619 0.9999680627618927
1.0980720703001579 1.000015643426408 4.58530260724415e-05 1.0000467780059488 0.9999688668768048
1.0983880260663506 0.9999379433674156 4.58530260724415e-05 0.9999682674202861 0.9999696749848386
1.0987039818325433 1.0000409325440076 4.58530260724415e-05 1.0000704475371254 0.9999704870859943
1.0990199375987362 0.999984432528123 4.58530260724415e-05 1.0000131297246324 0.9999713031802719
1.0993358933649289 1.0000000398216438 4.58530260724415e-05 1.0000279173322162 0.9999721232676715
1.0996518491311216 0.9999250206149228 4.58530260724415e-05 0.9999520719701498 0.9999729473481928
1.0999678048973143 1.0000293086420078 4.58530260724415e-05 1.0000555346765454 0.9999737754218359
1.100283760663507 1.000006236935713 4.58530260724415e-05 1.0000316302502836 0.9999746074886009
1.1005997164296997 1.0000351356717316 4.58530260724415e-05 1.0000596935891066 0.9999754435484878
1.1009156721958924 0.9999474845692738 4.58530260724415e-05 0.999971200284752 0.9999762836014964
1.1012316279620853 0.9999550716031077 4.58530260724415e-05 0.9999779434509957 0.9999771276476269
1.101547583728278 1.0000836149126044 4.58530260724415e-05 1.0001056415524077 0.9999779756868794
1.1018635394944707 0.9999302238151744 4.58530260724415e-05 0.9999513950668435 0.9999788277192536
1.1021794952606634 0.9999734501662255 4.58530260724415e-05 0.9999937662948303 0.9999796837447497
1.102495451026856 1.0000326726584068 4.58530260724415e-05 1.000052129909291 0.9999805437633676
1.1028114067930488 0.9999858886772885 4.58530260724415e-05 1.0000044809854927 0.9999814077751074
1.1031273625592417 1.000009005496474 4.58530260724415e-05 1.0000267301902768 0.999982275779969
1.1034433183254344 0.9999648321398635 4.58530260724415e-05 0.9999816840532466 0.9999831477779525
1.103759274091627 1.000000991680244 4.58530260724415e-05 1.0000169681822737 0.9999840237690578
1.1040752298578198 0.9999249964478771 4.58530260724415e-05 0.999940091790203 0.999984903753285
1.1043911856240125 1.000061816959355 4.58530260724415e-05 1.0000760303092842 0.999985787730634
1.1047071413902052 0.9999812575942563 4.58530260724415e-05 0.9999945818209579 0.9999866757011049
1.105023097156398 0.9999563798235183 4.58530260724415e-05 0.9999688117710782 0.9999875676646975
1.1053390529225908 1.0000190189497449 4.58530260724415e-05 1.0000305556808347 0.9999884636214121
1.1056550086887835 0.9999682383995242 4.58530260724415e-05 0.9999788746035768 0.9999893635712486
1.1059709644549762 0.9999290883211616 4.58530260724415e-05 0.9999388202115234 0.9999902675142068
1.106286920221169 0.9999294249223069 4.58530260724415e-05 0.9999382489270945 0.9999911754502869
1.1066028759873616 1.0000238987262342 4.58530260724415e-05 1.0000318115984586 0.9999920873794889
1.1069188317535543 0.9999856864279871 4.58530260724415e-05 0.9999926830749802 0.9999930033018126
1.1072347875197472 0.9999877926334112 4.58530260724415e-05 0.9999938693788986 0.9999939232172582
1.10755074328594 1.0000442646860168 4.58530260724415e-05 1.000049417814835 0.9999948471258258
1.1078666990521326 0.9999441068726246 4.58530260724415e-05 0.999948331626812 0.9999957750275151
1.1081826548183253 0.9999632032466041 4.58530260724415e-05 0.9999664962139473 0.9999967069223263
1.108498610584518 0.9999799949479338 4.58530260724415e-05 0.9999823520960749 0.9999976428102594
1.1088145663507107 1.0000029089910674 4.58530260724415e-05 1.0000043263058849 0.9999985826913143
1.1091305221169034 0.9999975928777509 4.58530260724415e-05 0.9999980663113445 0.999999526565491
1.1094464778830964 0.999987319780636 4.58530260724415e-05 0.9999868453540876 1.0000004744327895
1.109762433649289 0.9999986005321576 4.58530260724415e-05 0.999997174242978 1.00000142629321
1.1100783894154818 0.9999974618634 4.58530260724415e-05 0.9999950797283685 1.0000023821467523
1.1103943451816745 0.9999703458443537 4.58530260724415e-05 0.9999670039612099 1.0000033419934165
1.1107103009478672 0.9999670274839876 4.58530260724415e-05 0.9999627218112991 1.0000043058332022
1.1110262567140599 1.0000178611381998 4.58530260724415e-05 1.000012587405708 1.00000527366611
1.1113422124802526 0.9999653940844752 4.58530260724415e-05 0.9999591488474711 1.0000062454921397
1.1116581682464455 0.9999541526871943 4.58530260724415e-05 0.9999469317591252 1.0000072213112914
1.1119741240126382 0.9999938814613952 4.58530260724415e-05 0.9999856804552669 1.0000082011235647
1.1122900797788309 1.0000019553527544 4.58530260724415e-05 0.9999927704901971 1.0000091849289598
1.1126060355450236 1.0001136513814863 4.58530260724415e-05 1.00010347760136 1.0000101727274768
1.1129219913112163 0.9999788515182387 4.58530260724415e-05 0.999967687359878 1.0000111645191159
1.113237947077409 1.0000554121884413 4.58530260724415e-05 1.000043251358615 1.0000121603038765
1.113553902843602 1.000047421378804 4.58530260724415e-05 1.0000342608461692 1.0000131600817592
1.1138698586097946 0.999959646356567 4.58530260724415e-05 0.9999454832759703 1.0000141638527635
