sim_data/sim_data_gcm01_baseline_hd189_ncF444W.ecsv
# %ECSV 1.0
# ---
# datatype:
# - {name: Time (days), datatype: float64}
# - {name: Flux, datatype: float64}
# - {name: Flux err, datatype: float64}
# - {name: Flux before Baseline, datatype: float64}
# - {name: Baseline, datatype: float64}
# meta:
#   Amplitude: 0.0014619
#   M_planet: 0.0011130568768082329
#   M_planet_units: Msun
#   M_star: 0.812
#   M_star_units: Msun
#   Period: 2.218577
#   Period_units: days
#   R_star: 0.765
#   b_impact: !astropy.units.Quantity
#     unit: !astropy.units.Unit {unit: ''}
#     value: 0.6560793167814927
#   baseline_c: [0.0002, 0.0003, 1.0]
#   dur_14: 0.07681051894288836
#   dur_23: 0.043817925785034365
#   inc: 85.69
#   inc_units: deg
#   prot_star: 1.0
#   rp: 0.115056
#   rp_units: Rsun
#   t0: 0.0
#   y_input: [-8.684814416881487e-05, 0.08670433230910421, 0.1494331284409861, 0.0018629052589362975, 0.00027639925356365893, 0.06802456935447314,
#     0.015511602373684364, 0.09454611053054753, 0.000729828947182707, -0.0008445077266664528, 0.0012521910694945721, -0.0033840033897579247,
#     -0.013452997366555365, -0.019385414730800646, -0.028814623693635848]
# schema: astropy-2.0
"Time (days)" Flux "Flux err" "Flux before Baseline" Baseline
[from data line 500]
1.1672663830963665 1.0018757764219812 4.58530260724415e-05 1.0016342199618025 1.0002411623478558
1.1675823388625592 1.001858070024379 4.58530260724415e-05 1.0016148329207855 1.0002428449495744
1.167898294628752 1.0019113453020783 4.58530260724415e-05 1.0016664062687648 1.0002445315444148
1.1682142503949446 1.0018517456151115 4.58530260724415e-05 1.0016051282646306 1.000246222132377
1.1685302061611373 1.0018479816262162 4.58530260724415e-05 1.0015996683282407 1.000247916713461
1.16884616192733 1.0018386910487724 4.58530260724415e-05 1.0015886792024893 1.000249615287667
1.169162117693523 1.0017919078572737 4.58530260724415e-05 1.0015402029217844 1.0002513178549948
1.1694780734597157 1.0017963240096501 4.58530260724415e-05 1.0015429092005073 1.0002530244154444
1.1697940292259084 1.0018155924534775 4.58530260724415e-05 1.0015604599807368 1.0002547349690158
1.170109984992101 1.0019308129018403 4.58530260724415e-05 1.0016739341065402 1.0002564495157091
1.1704259407582938 1.0019136370756778 4.58530260724415e-05 1.0016550417412453 1.0002581680555243
1.1707418965244865 1.001937095540636 4.58530260724415e-05 1.0016767691756467 1.0002598905884614
1.1710578522906792 1.0018143916880047 4.58530260724415e-05 1.0015523684473306 1.0002616171145202
1.171373808056872 1.0017866670521056 4.58530260724415e-05 1.0015229183614578 1.000263347633701
1.1716897638230648 1.0018481531445953 4.58530260724415e-05 1.0015826514659447 1.0002650821460035
1.1720057195892575 1.0018879631594757 4.58530260724415e-05 1.0016207100691312 1.000266820651428
1.1723216753554502 1.0019042481133125 4.58530260724415e-05 1.0016352457965763 1.0002685631499741
1.1726376311216429 1.0019309214411338 4.58530260724415e-05 1.0016601630414148 1.0002703096416423
1.1729535868878356 1.0018973785372838 4.58530260724415e-05 1.0016248763467872 1.0002720601264323
1.1732695426540285 1.0019657564820454 4.58530260724415e-05 1.0016914787261233 1.000273814604344
1.1735854984202212 1.0018771099736172 4.58530260724415e-05 1.0016010956793793 1.0002755730753776
1.173901454186414 1.0018469367468992 4.58530260724415e-05 1.0015691660218609 1.0002773355395331
1.1742174099526066 1.0018132051260198 4.58530260724415e-05 1.0015336750774329 1.0002791019968105
1.1745333657187993 1.0018510457978385 4.58530260724415e-05 1.0015697324560324 1.0002808724472096
1.174849321484992 1.001904431850557 4.58530260724415e-05 1.0016213266968765 1.0002826468907307
1.175165277251185 1.0018540762745733 4.58530260724415e-05 1.0015692046256606 1.0002844253273735
1.1754812330173776 1.0019393185639478 4.58530260724415e-05 1.0016526378090487 1.0002862077571384
1.1757971887835703 1.001962651268722 4.58530260724415e-05 1.0016741749360591 1.000287994180025
1.176113144549763 1.0017907121380873 4.58530260724415e-05 1.0015004927223767 1.0002897845960332
1.1764291003159557 1.0019405544637916 4.58530260724415e-05 1.0016484947921565 1.0002915790051636
1.1767450560821484 1.0017997318029719 4.58530260724415e-05 1.0015059125948234 1.0002933774074156
1.177061011848341 1.0019224049003397 4.58530260724415e-05 1.0016267449153067 1.0002951798027897
1.177376967614534 1.0019617090975432 4.58530260724415e-05 1.0016642286533284 1.0002969861912856
1.1776929233807267 1.0019100459202455 4.58530260724415e-05 1.0016107680553676 1.000298796572903
1.1780088791469194 1.0018499226213031 4.58530260724415e-05 1.0015488460735746 1.0003006109476427
1.1783248349131121 1.0018833165809182 4.58530260724415e-05 1.0015804093033103 1.000302429315504
1.1786407906793048 1.001899722127819 4.58530260724415e-05 1.0015949851744184 1.0003042516764873
1.1789567464454975 1.0019049224148784 4.58530260724415e-05 1.0015983551628855 1.0003060780305923
1.1792727022116902 1.001905537495054 4.58530260724415e-05 1.0015971373452657 1.0003079083778192
1.1795886579778831 1.0019113700342062 4.58530260724415e-05 1.0016011313772533 1.000309742718168
1.1799046137440758 1.0019277719808912 4.58530260724415e-05 1.0016156875116387 1.0003115810516385
1.1802205695102685 1.0018641201815683 4.58530260724415e-05 1.0015502109309904 1.000313423378231
1.1805365252764612 1.0019100314680156 4.58530260724415e-05 1.0015942591484701 1.0003152696979454
1.180852481042654 1.0019923531663957 4.58530260724415e-05 1.0016747020740744 1.0003171200107814
1.1811684368088466 1.0019066572642583 4.58530260724415e-05 1.0015871766789224 1.0003189743167393
1.1814843925750393 1.0019055320298533 4.58530260724415e-05 1.0015841911538421 1.0003208326158193
1.1818003483412323 1.0019769380048038 4.58530260724415e-05 1.001653709453163 1.0003226949080208
1.182116304107425 1.0018116965646284 4.58530260724415e-05 1.0014866528614572 1.0003245611933445
1.1824322598736177 1.0019848699633283 4.58530260724415e-05 1.001657897301682 1.00032643147179
1.1827482156398104 1.0019033036849565 4.58530260724415e-05 1.0015744810304343 1.000328305743357
1.183064171406003 1.001941416315804 4.58530260724415e-05 1.0016107004802177 1.000330184008046
1.183380127172196 1.001939928536793 4.58530260724415e-05 1.0016073285313525 1.000332066265857
1.1836960829383887 1.0019803570394057 4.58530260724415e-05 1.0016458548852347 1.0003339525167898
1.1840120387045814 1.0019264745070156 4.58530260724415e-05 1.0015900977233616 1.0003358427608444
1.184327994470774 1.0019092736037583 4.58530260724415e-05 1.0015710060188807 1.0003377369980209
1.1846439502369668 1.0020015329042709 4.58530260724415e-05 1.0016613334285933 1.0003396352283191
1.1849599060031595 1.001835193802975 4.58530260724415e-05 1.0014931463858239 1.0003415374517395
1.1852758617693522 1.001946204787567 4.58530260724415e-05 1.0016022108501137 1.0003434436682814
1.185591817535545 1.0018850849294465 4.58530260724415e-05 1.001539199482991 1.0003453538779452
1.1859077733017378 1.0019136247314848 4.58530260724415e-05 1.0015658128939153 1.000347268080731
1.1862237290679305 1.0020424601973568 4.58530260724415e-05 1.001692682859093 1.0003491862766385
1.1865396848341232 1.001949812641876 4.58530260724415e-05 1.0015981430546521 1.000351108465668
1.186855640600316 1.0019624622131174 4.58530260724415e-05 1.0016088595821222 1.000353034647819
1.1871715963665086 1.0018734557178512 4.58530260724415e-05 1.0015179520751691 1.0003549648230923
1.1874875521327013 1.0019233980914908 4.58530260724415e-05 1.0015659402175194 1.000356898991487
1.1878035078988942 1.0019675229943705 4.58530260724415e-05 1.001608108792186 1.0003588371530039
1.188119463665087 1.0019764515937137 4.58530260724415e-05 1.0016150895951652 1.0003607793076426
1.1884354194312796 1.0019901513094946 4.58530260724415e-05 1.0016268357593499 1.000362725455403
1.1887513751974723 1.001963930537068 4.58530260724415e-05 1.001598671944138 1.0003646755962854
1.189067330963665 1.001989392138917 4.58530260724415e-05 1.0016221676737307 1.0003666297302896
1.1893832867298577 1.0019877211701083 4.58530260724415e-05 1.0016185367397037 1.0003685878574156
1.1896992424960504 1.001884667609902 4.58530260724415e-05 1.0015135567838063 1.0003705499776634
1.1900151982622433 1.0019719908180975 4.58530260724415e-05 1.0015988791188648 1.0003725160910333
1.190331154028436 1.0020072166467526 4.58530260724415e-05 1.0016321192430986 1.0003744861975248
1.1906471097946287 1.0020007541411515 4.58530260724415e-05 1.0016236825919824 1.0003764602971381
1.1909630655608214 1.0019587131372008 4.58530260724415e-05 1.0015796769369307 1.0003784383898735
1.1912790213270141 1.0019401602297737 4.58530260724415e-05 1.0015591466227434 1.0003804204757305
1.191594977093207 1.0019275322413737 4.58530260724415e-05 1.0015445350463383 1.0003824065547096
1.1919109328593998 1.001974537366867 4.58530260724415e-05 1.0015895297301902 1.0003843966268102
1.1922268886255925 1.0020342471031316 4.58530260724415e-05 1.0016472199406459 1.000386390692033
1.1925428443917852 1.0018944679141335 4.58530260724415e-05 1.0015054944466493 1.0003883887503775
1.1928588001579778 1.0019554597875868 4.58530260724415e-05 1.0015644582356378 1.0003903908018439
1.1931747559241705 1.0019351804923395 4.58530260724415e-05 1.0015421784999274 1.000392396846432
1.1934907116903632 1.0020252099494056 4.58530260724415e-05 1.0016301601188902 1.0003944068841422
1.1938066674565562 1.001965518835275 4.58530260724415e-05 1.001568476143553 1.000396420914974
1.1941226232227489 1.0019711034595737 4.58530260724415e-05 1.0015720381594297 1.0003984389389278
1.1944385789889416 1.001984490900198 4.58530260724415e-05 1.0015833958559766 1.0004004609560033
1.1947545347551343 1.0020166279115206 4.58530260724415e-05 1.0016134915360067 1.0004024869662007
1.195070490521327 1.0019799558733482 4.58530260724415e-05 1.0015748018697483 1.00040451696952
1.1953864462875197 1.0018599859500064 4.58530260724415e-05 1.0014528443287798 1.0004065509659612
1.1957024020537124 1.0020264064491105 4.58530260724415e-05 1.0016171567412027 1.000408588955524
1.1960183578199053 1.0020233935813616 4.58530260724415e-05 1.001612100664744 1.000410630938209
1.196334313586098 1.0019949571096756 4.58530260724415e-05 1.0015816274945064 1.0004126769140156
1.1966502693522907 1.0019570788556575 4.58530260724415e-05 1.0015417125830595 1.0004147268829442
1.1969662251184834 1.00202472460785 4.58530260724415e-05 1.0016072738818889 1.0004167808449944
1.197282180884676 1.002027769883323 4.58530260724415e-05 1.001608257482522 1.0004188388001667
1.1975981366508688 1.0019906017307962 4.58530260724415e-05 1.0015690405719844 1.0004209007484608
1.1979140924170615 1.0020040148925629 4.58530260724415e-05 1.0015803797546925 1.0004229666898767
1.1982300481832544 1.0019730858574838 4.58530260724415e-05 1.0015473915349946 1.0004250366244145
1.198546003949447 1.00200936364322 4.58530260724415e-05 1.0015815775826713 1.0004271105520741
1.1988619597156398 1.0019482390465488 4.58530260724415e-05 1.0015183988943905 1.0004291884728556
1.1991779154818325 1.0020403143928844 4.58530260724415e-05 1.0016083503722386 1.0004312703867588
1.1994938712480252 1.001979663195209 4.58530260724415e-05 1.001545637089864 1.000433356293784
1.1998098270142181 1.0020357238514583 4.58530260724415e-05 1.0015995811260143 1.0004354461939309
1.2001257827804108 1.0019621266504957 4.58530260724415e-05 1.0015239197872992 1.0004375400871999
1.2004417385466035 1.0020013797835872 4.58530260724415e-05 1.0015610555107153 1.0004396379735905
1.2007576943127962 1.002025208121509 4.58530260724415e-05 1.0015827690962178 1.0004417398531031
1.201073650078989 1.0019559276805254 4.58530260724415e-05 1.001511411121422 1.0004438457257374
1.2013896058451816 1.0020392287120885 4.58530260724415e-05 1.001592562908261 1.0004459555914937
1.2017055616113743 1.0020183944467975 4.58530260724415e-05 1.0015696216968948 1.0004480694503717
1.2020215173775672 1.0019577037815157 4.58530260724415e-05 1.0015068381197558 1.0004501873023717
1.20233747314376 1.0019796960841898 4.58530260724415e-05 1.0015266963979501 1.0004523091474935
1.2026534289099526 1.0020690925506204 4.58530260724415e-05 1.0016139241412891 1.0004544349857372
1.2029693846761453 1.0020842726053139 4.58530260724415e-05 1.0016269649732459 1.0004565648171024
1.203285340442338 1.002038999203859 4.58530260724415e-05 1.0015795760128978 1.0004586986415898
1.2036012962085307 1.0020654829123812 4.58530260724415e-05 1.0016039073142147 1.000460836459199
1.2039172519747234 1.0020590518129469 4.58530260724415e-05 1.0015953349376074 1.0004629782699301
1.2042332077409164 1.0020657766820964 4.58530260724415e-05 1.0015999084523763 1.000465124073783
1.204549163507109 1.002111525471462 4.58530260724415e-05 1.0016434836437407 1.0004672738707576
1.2048651192733018 1.0019852789388495 4.58530260724415e-05 1.0015151400293556 1.0004694276608541
1.2051810750394945 1.0020873283007805 4.58530260724415e-05 1.0016149812550554 1.0004715854440727
1.2054970308056872 1.0020406593601663 4.58530260724415e-05 1.0015661701709884 1.0004737472204128
1.2058129865718799 1.002049788039267 4.58530260724415e-05 1.0015731263781138 1.000475912989875
1.2061289423380726 1.0020481060876794 4.58530260724415e-05 1.001569273092821 1.0004780827524589
1.2064448981042655 1.002046661716853 4.58530260724415e-05 1.0015656532935047 1.0004802565081647
1.2067608538704582 1.002009523444386 4.58530260724415e-05 1.001526352822504 1.0004824342569922
1.2070768096366509 1.0020760938092144 4.58530260724415e-05 1.0015907069282455 1.0004846159989418
1.2073927654028436 1.00214624981003 4.58530260724415e-05 1.0016586406468737 1.0004868017340132
1.2077087211690363 1.0020689351672665 4.58530260724415e-05 1.0015791715036775 1.0004889914622064
1.2080246769352292 1.0020733662692423 4.58530260724415e-05 1.001581404323348 1.0004911851835214
1.208340632701422 1.002043822971042 4.58530260724415e-05 1.0015496754896998 1.0004933828979583
1.2086565884676146 1.0020718914171836 4.58530260724415e-05 1.0015755260052328 1.000495584605517
1.2089725442338073 1.0021005977594646 4.58530260724415e-05 1.0016020099882244 1.0004977903061976
1.2092885 1.0020641620193236 4.58530260724415e-05 1.001563380329159 1.0005
