sim_data/sim_data_kelt9.ecsv
# %ECSV 1.0
# ---
# datatype:
# - {name: Time (days), datatype: float64}
# - {name: Flux, datatype: float64}
# - {name: Flux err, datatype: float64}
# - {name: Flux before Baseline, datatype: float64}
# - {name: Baseline, datatype: float64}
# meta:
#   Amplitude: 0
#   M_planet: 0.002739249094045942
#   M_planet_units: Msun
#   M_star: 2.52
#   M_star_units: Msun
#   Period: 1.481109
#   Period_units: days
#   R_star: 2.362
#   baseline_c: 0.0
#   inc: 86.79
#   inc_units: deg
#   prot_star: 1.0
#   rp: 0.1939655172413793
#   rp_units: Rsun
#   t0: 0.0
#   y_input: [-1.64769111e-04, 6.11359401e-01,  1.24925532e-01,
#             1.24091290e-03,  -3.94586494e-03,  1.56484383e-01,  5.04491037e-02,
#            -2.45199257e-02,  -2.32470623e-03, -6.31926529e-04, -5.40588803e-03,
#            -2.29427677e-02,   8.73602114e-03, -2.34837357e-02,  7.84512147e-03]
# schema: astropy-2.0
"Time (days)" Flux "Flux err" "Flux before Baseline" Baseline
[from data line 194]
0.8260986035759073 1.0027265703079693 1.950011141182539e-05 1.0027265703079693 0.0
0.8287241216993465 1.0027311742200893 1.950011141182539e-05 1.0027311742200893 0.0
0.8313496398227858 1.0027261827336311 1.950011141182539e-05 1.0027261827336311 0.0
0.8339751579462251 1.0027059861622087 1.950011141182539e-05 1.0027059861622087 0.0
0.8366006760696644 1.0027274421056 1.950011141182539e-05 1.0027274421056 0.0
0.8392261941931036 1.0026858105988734 1.950011141182539e-05 1.0026858105988734 0.0
0.841851712316543 1.00265396473375 1.950011141182539e-05 1.00265396473375 0.0
0.8444772304399824 1.0026204597114245 1.950011141182539e-05 1.0026204597114245 0.0
0.8471027485634216 1.0026433272982271 1.950011141182539e-05 1.0026433272982271 0.0
0.8497282666868609 1.0026282104063673 1.950011141182539e-05 1.0026282104063673 0.0
0.8523537848103002 1.0026364725938572 1.950011141182539e-05 1.0026364725938572 0.0
0.8549793029337396 1.0026032623992482 1.950011141182539e-05 1.0026032623992482 0.0
0.8576048210571788 1.002577829256697 1.950011141182539e-05 1.002577829256697 0.0
0.8602303391806181 1.0025696992914241 1.950011141182539e-05 1.0025696992914241 0.0
0.8628558573040574 1.0025588068532139 1.950011141182539e-05 1.0025588068532139 0.0
0.8654813754274968 1.0025815537692169 1.950011141182539e-05 1.0025815537692169 0.0
0.868106893550936 1.0025306334869788 1.950011141182539e-05 1.0025306334869788 0.0
0.8707324116743753 1.0025329684946194 1.950011141182539e-05 1.0025329684946194 0.0
0.8733579297978147 1.002541465186031 1.950011141182539e-05 1.002541465186031 0.0
0.8759834479212539 1.002487378407369 1.950011141182539e-05 1.002487378407369 0.0
0.8786089660446932 1.0024621279100425 1.950011141182539e-05 1.0024621279100425 0.0
0.8812344841681325 1.002480569384146 1.950011141182539e-05 1.002480569384146 0.0
0.8838600022915719 1.0024772725561286 1.950011141182539e-05 1.0024772725561286 0.0
0.8864855204150112 1.0024491230810417 1.950011141182539e-05 1.0024491230810417 0.0
0.8891110385384504 1.0024458240449352 1.950011141182539e-05 1.0024458240449352 0.0
0.8917365566618898 1.0024072860980235 1.950011141182539e-05 1.0024072860980235 0.0
0.8943620747853291 1.0024022275391493 1.950011141182539e-05 1.0024022275391493 0.0
0.8969875929087683 1.0024009277554697 1.950011141182539e-05 1.0024009277554697 0.0
0.8996131110322076 1.0023554773466001 1.950011141182539e-05 1.0023554773466001 0.0
0.902238629155647 1.0023359811644548 1.950011141182539e-05 1.0023359811644548 0.0
0.9048641472790863 1.0023474391788643 1.950011141182539e-05 1.0023474391788643 0.0
0.9074896654025255 1.0023125095477117 1.950011141182539e-05 1.0023125095477117 0.0
0.9101151835259649 1.0023108254597008 1.950011141182539e-05 1.0023108254597008 0.0
0.9127407016494042 1.0022590737896917 1.950011141182539e-05 1.0022590737896917 0.0
0.9153662197728435 1.0022753256266912 1.950011141182539e-05 1.0022753256266912 0.0
0.9179917378962827 1.002245794723113 1.950011141182539e-05 1.002245794723113 0.0
0.9206172560197221 1.0022614503126754 1.950011141182539e-05 1.0022614503126754 0.0
0.9232427741431615 1.0022166115715405 1.950011141182539e-05 1.0022166115715405 0.0
0.9258682922666006 1.002241128765349 1.950011141182539e-05 1.002241128765349 0.0
0.92849381039004 1.0022134544079186 1.950011141182539e-05 1.0022134544079186 0.0
0.9311193285134793 1.0022001978948527 1.950011141182539e-05 1.0022001978948527 0.0
0.9337448466369186 1.0021724681889723 1.950011141182539e-05 1.0021724681889723 0.0
0.9363703647603578 1.0021284674223612 1.950011141182539e-05 1.0021284674223612 0.0
0.9389958828837972 1.0021269507291564 1.950011141182539e-05 1.0021269507291564 0.0
0.9416214010072366 1.0021426385301153 1.950011141182539e-05 1.0021426385301153 0.0
0.9442469191306758 1.0021029973326094 1.950011141182539e-05 1.0021029973326094 0.0
0.9468724372541151 1.0020857221634385 1.950011141182539e-05 1.0020857221634385 0.0
0.9494979553775544 1.0020628872213804 1.950011141182539e-05 1.0020628872213804 0.0
0.9521234735009938 1.0020731638330156 1.950011141182539e-05 1.0020731638330156 0.0
0.954748991624433 1.0020509446377415 1.950011141182539e-05 1.0020509446377415 0.0
0.9573745097478723 1.0020226829720487 1.950011141182539e-05 1.0020226829720487 0.0
0.9600000278713117 1.0020538113917103 1.950011141182539e-05 1.0020538113917103 0.0
0.9626255459947509 1.0020155999983524 1.950011141182539e-05 1.0020155999983524 0.0
0.9652510641181902 1.0019938924969407 1.950011141182539e-05 1.0019938924969407 0.0
0.9678765822416295 1.0019356708528655 1.950011141182539e-05 1.0019356708528655 0.0
0.9705021003650689 1.001955411067365 1.950011141182539e-05 1.001955411067365 0.0
0.9731276184885082 1.0019383453763595 1.950011141182539e-05 1.0019383453763595 0.0
0.9757531366119474 1.0018849986983827 1.950011141182539e-05 1.0018849986983827 0.0
0.9783786547353868 1.0018942733185268 1.950011141182539e-05 1.0018942733185268 0.0
0.9810041728588261 1.0018834787618067 1.950011141182539e-05 1.0018834787618067 0.0
0.9836296909822654 1.001860234690897 1.950011141182539e-05 1.001860234690897 0.0
0.9862552091057046 1.0018414616119393 1.950011141182539e-05 1.0018414616119393 0.0
0.988880727229144 1.0018376933099997 1.950011141182539e-05 1.0018376933099997 0.0
0.9915062453525832 1.0018015545991512 1.950011141182539e-05 1.0018015545991512 0.0
0.9941317634760225 1.001805068035616 1.950011141182539e-05 1.001805068035616 0.0
0.9967572815994619 1.0017728327299589 1.950011141182539e-05 1.0017728327299589 0.0
0.9993827997229012 1.0017754428002916 1.950011141182539e-05 1.0017754428002916 0.0
1.0020083178463404 1.0017673071872706 1.950011141182539e-05 1.0017673071872706 0.0
1.0046338359697797 1.0017660420974284 1.950011141182539e-05 1.0017660420974284 0.0
1.007259354093219 1.0017538027671282 1.950011141182539e-05 1.0017538027671282 0.0
1.0098848722166585 1.0017039472521987 1.950011141182539e-05 1.0017039472521987 0.0
1.0125103903400978 1.0016924503563727 1.950011141182539e-05 1.0016924503563727 0.0
1.015135908463537 1.00168135929532 1.950011141182539e-05 1.00168135929532 0.0
1.0177614265869763 1.0016425497763086 1.950011141182539e-05 1.0016425497763086 0.0
1.0203869447104155 1.0016325712473615 1.950011141182539e-05 1.0016325712473615 0.0
1.0230124628338548 1.0015774621765783 1.950011141182539e-05 1.0015774621765783 0.0
1.0256379809572942 1.0016528406700087 1.950011141182539e-05 1.0016528406700087 0.0
1.0282634990807336 1.0016066125910938 1.950011141182539e-05 1.0016066125910938 0.0
1.030889017204173 1.0015869556517871 1.950011141182539e-05 1.0015869556517871 0.0
1.033514535327612 1.001563879175378 1.950011141182539e-05 1.001563879175378 0.0
1.0361400534510514 1.0015430248705204 1.950011141182539e-05 1.0015430248705204 0.0
1.0387655715744908 1.0015506403764618 1.950011141182539e-05 1.0015506403764618 0.0
1.04139108969793 1.0015399215421097 1.950011141182539e-05 1.0015399215421097 0.0
1.0440166078213693 1.0015243991502356 1.950011141182539e-05 1.0015243991502356 0.0
1.0466421259448087 1.0015033672427918 1.950011141182539e-05 1.0015033672427918 0.0
1.049267644068248 1.0014749079799161 1.950011141182539e-05 1.0014749079799161 0.0
1.0518931621916872 1.0014432868811234 1.950011141182539e-05 1.0014432868811234 0.0
1.0545186803151265 1.0014630346728932 1.950011141182539e-05 1.0014630346728932 0.0
1.0571441984385659 1.0014326540718252 1.950011141182539e-05 1.0014326540718252 0.0
1.059769716562005 1.0014064631055815 1.950011141182539e-05 1.0014064631055815 0.0
1.0623952346854444 1.0014173165929563 1.950011141182539e-05 1.0014173165929563 0.0
1.0650207528088838 1.0013797399118542 1.950011141182539e-05 1.0013797399118542 0.0
1.0676462709323231 1.0013657444234956 1.950011141182539e-05 1.0013657444234956 0.0
1.0702717890557625 1.001317388896227 1.950011141182539e-05 1.001317388896227 0.0
1.0728973071792016 1.0013433461492245 1.950011141182539e-05 1.0013433461492245 0.0
1.075522825302641 1.0013252875631153 1.950011141182539e-05 1.0013252875631153 0.0
1.0781483434260803 1.001341968897261 1.950011141182539e-05 1.001341968897261 0.0
1.0807738615495195 1.0012656915317129 1.950011141182539e-05 1.0012656915317129 0.0
1.0833993796729589 1.0012987254054233 1.950011141182539e-05 1.0012987254054233 0.0
1.0860248977963982 1.0012261887415865 1.950011141182539e-05 1.0012261887415865 0.0
1.0886504159198376 1.001257896707467 1.950011141182539e-05 1.001257896707467 0.0
1.0912759340432767 1.0012325294537436 1.950011141182539e-05 1.0012325294537436 0.0
1.093901452166716 1.001226640021989 1.950011141182539e-05 1.001226640021989 0.0
1.0965269702901554 1.0012114719006924 1.950011141182539e-05 1.0012114719006924 0.0
1.0991524884135946 1.0011902005396731 1.950011141182539e-05 1.0011902005396731 0.0
1.101778006537034 1.001181557806303 1.950011141182539e-05 1.001181557806303 0.0
