sim_data/sim_data_baseline.ecsv
# %ECSV 0.9
# ---
# datatype:
# - {name: Time (days), datatype: float64}
# - {name: Flux, datatype: float64}
# - {name: Flux err, datatype: float64}
# meta:
#   Amplitude: 0.001
#   M_star: 1.0
#   Period: 1.0
#   R_star: 1.0
#   b_impact: !astropy.units.Quantity
#     unit: !astropy.units.Unit {unit: ''}
#     value: 0.512860118872354
#   baseline_c: [0.0002, 0.0002, 0.0003, 1.0]
#   dur_14: 0.07484685034248201
#   dur_23: 0.05665970843307687
#   inc: 83
#   prot_star: 1.0
#   rp: 0.1
#   t0: 0.0
#   y_input: [0.212587193559822, 0.1875962015746607, 0.10421312437579247, 0.1048652652063154, 0.07396204094643963, -0.10988426114539027,
#     -0.0061783184460587155, -0.06551775984748415, 0.12105423789196276, 0.15378327548573822, -0.04586185856263464, 0.05546885463911624,
#     0.12380765335963172, 0.04624802712083938, -0.10450553441687424]
# schema: astropy-2.0
"Time (days)" Flux "Flux err"
[from data line 348]
0.43400097703957013 1.0010330151581786 1.5e-05
0.4340986809965804 1.001029834487665 1.5e-05
0.43419638495359064 1.0010133816399773 1.5e-05
0.4342940889106009 1.001003529507922 1.5e-05
0.43439179286761115 1.0010458077844038 1.5e-05
0.4344894968246214 1.0010152532507723 1.5e-05
0.43458720078163166 1.0010160600938738 1.5e-05
0.4346849047386419 1.0010182755068375 1.5e-05
0.4347826086956522 1.0009986993469628 1.5e-05
0.43488031265266247 1.0010194207066367 1.5e-05
0.4349780166096727 1.0010196433874536 1.5e-05
0.435075720566683 1.0010363883551163 1.5e-05
0.43517342452369323 1.0010378067105037 1.5e-05
0.4352711284807035 1.0010276347786566 1.5e-05
0.43536883243771374 1.0010417998781942 1.5e-05
0.435466536394724 1.0010331688957361 1.5e-05
0.43556424035173424 1.0010280804561835 1.5e-05
0.4356619443087445 1.0010309741539898 1.5e-05
0.43575964826575475 1.0010259458534532 1.5e-05
0.435857352222765 1.0010231275617352 1.5e-05
0.4359550561797753 1.0010252777285222 1.5e-05
0.43605276013678557 1.0010126189841586 1.5e-05
0.4361504640937958 1.0010339852703276 1.5e-05
0.4362481680508061 1.00101512739406 1.5e-05
0.4363458720078163 1.0010428863727596 1.5e-05
0.4364435759648266 1.0010267643664188 1.5e-05
0.43654127992183683 1.0010314892416503 1.5e-05
0.4366389838788471 1.0010383941891954 1.5e-05
0.4367366878358574 1.0010408764861105 1.5e-05
0.43683439179286765 1.001007912825726 1.5e-05
0.4369320957498779 1.0010286050340838 1.5e-05
0.43702979970688816 1.0010451479600968 1.5e-05
0.4371275036638984 1.0010067187443816 1.5e-05
0.43722520762090866 1.0010382330542698 1.5e-05
0.4373229115779189 1.000998834777494 1.5e-05
0.43742061553492917 1.0010175654051663 1.5e-05
0.4375183194919394 1.0010337172582642 1.5e-05
0.4376160234489497 1.0010085280104006 1.5e-05
0.43771372740595993 1.0010188310138008 1.5e-05
0.4378114313629702 1.0010117734354271 1.5e-05
0.4379091353199805 1.001058801382836 1.5e-05
0.43800683927699074 1.0010367816383172 1.5e-05
0.438104543234001 1.0010430616117267 1.5e-05
0.43820224719101125 1.0010314485807696 1.5e-05
0.4382999511480215 1.0010297217487367 1.5e-05
0.43839765510503176 1.00101101289021 1.5e-05
0.438495359062042 1.0010311127975569 1.5e-05
0.43859306301905226 1.0010243021354583 1.5e-05
0.4386907669760626 1.001048822303256 1.5e-05
0.4387884709330728 1.001053301631798 1.5e-05
0.4388861748900831 1.0010584149717823 1.5e-05
0.43898387884709333 1.0010494375551897 1.5e-05
0.4390815828041036 1.001027904003535 1.5e-05
0.43917928676111384 1.001020377359223 1.5e-05
0.4392769907181241 1.0010488418721237 1.5e-05
0.43937469467513435 1.0010429173315802 1.5e-05
0.4394723986321446 1.0010112794304897 1.5e-05
0.43957010258915485 1.0010433642041408 1.5e-05
0.4396678065461651 1.0010504776936984 1.5e-05
0.43976551050317536 1.0010393741035124 1.5e-05
0.43986321446018567 1.0010359432035985 1.5e-05
0.4399609184171959 1.0010268335638834 1.5e-05
0.4400586223742062 1.001017479222484 1.5e-05
0.44015632633121643 1.001051403771221 1.5e-05
0.4402540302882267 1.0010349918788675 1.5e-05
0.44035173424523694 1.001036352850589 1.5e-05
0.4404494382022472 1.001066067313261 1.5e-05
0.44054714215925744 1.001050572084614 1.5e-05
0.44064484611626775 1.0010460930050902 1.5e-05
0.440742550073278 1.0010428870722112 1.5e-05
0.44084025403028826 1.0010637776395754 1.5e-05
0.4409379579872985 1.0010669954136309 1.5e-05
0.44103566194430877 1.0010553698610387 1.5e-05
0.441133365901319 1.0010503850237822 1.5e-05
0.4412310698583293 1.0010104617934472 1.5e-05
0.4413287738153395 1.0010439546490097 1.5e-05
0.4414264777723498 1.0010403703301152 1.5e-05
0.44152418172936003 1.001043952945825 1.5e-05
0.4416218856863703 1.0010569093334034 1.5e-05
0.44171958964338054 1.001001898101843 1.5e-05
0.44181729360039085 1.0010346699859116 1.5e-05
0.4419149975574011 1.0010474772307083 1.5e-05
0.44201270151441135 1.0010366480925847 1.5e-05
0.4421104054714216 1.0010226194157932 1.5e-05
0.44220810942843186 1.0010571222999867 1.5e-05
0.4423058133854421 1.0010484617046471 1.5e-05
0.44240351734245237 1.001029963919634 1.5e-05
0.4425012212994626 1.0010494687768068 1.5e-05
0.4425989252564729 1.0010572876971726 1.5e-05
0.4426966292134832 1.0010452632218902 1.5e-05
0.44279433317049344 1.0010574084169386 1.5e-05
0.4428920371275037 1.001046792900607 1.5e-05
0.44298974108451394 1.0010399087488726 1.5e-05
0.4430874450415242 1.0010286643539807 1.5e-05
0.44318514899853445 1.0010449809170887 1.5e-05
0.4432828529555447 1.0010493998669094 1.5e-05
0.44338055691255496 1.0010598373824957 1.5e-05
0.4434782608695652 1.0010451909376148 1.5e-05
0.44357596482657546 1.0010539927947342 1.5e-05
0.4436736687835857 1.0010328803026978 1.5e-05
0.443771372740596 1.0010358242456354 1.5e-05
0.4438690766976063 1.001046120692605 1.5e-05
0.44396678065461653 1.001032173049815 1.5e-05
0.4440644846116268 1.0010605058867232 1.5e-05
0.44416218856863704 1.0010553632035166 1.5e-05
0.4442598925256473 1.0010528160862813 1.5e-05
0.44435759648265755 1.0010539257899032 1.5e-05
0.4444553004396678 1.0010793667622606 1.5e-05
0.44455300439667805 1.0010422354259711 1.5e-05
0.44465070835368836 1.0010164621467523 1.5e-05
0.4447484123106986 1.0010526797431887 1.5e-05
0.44484611626770887 1.001049142867965 1.5e-05
0.4449438202247191 1.0010423509587851 1.5e-05
0.4450415241817294 1.001035642801341 1.5e-05
0.44513922813873963 1.001043946542333 1.5e-05
0.4452369320957499 1.0010534631341867 1.5e-05
0.44533463605276014 1.0010434118638663 1.5e-05
0.4454323400097704 1.001087344294482 1.5e-05
0.44553004396678064 1.001036965888156 1.5e-05
0.4456277479237909 1.0010396851062404 1.5e-05
0.4457254518808012 1.0010174640743246 1.5e-05
0.44582315583781146 1.0010557686336163 1.5e-05
0.4459208597948217 1.0010219627502597 1.5e-05
0.44601856375183196 1.0010443216131564 1.5e-05
0.4461162677088422 1.001048485132552 1.5e-05
0.44621397166585247 1.0010421821506912 1.5e-05
0.4463116756228627 1.0010791129383683 1.5e-05
0.446409379579873 1.0010681536970845 1.5e-05
0.44650708353688323 1.0010732303288337 1.5e-05
0.44660478749389354 1.0010404172686513 1.5e-05
0.4467024914509038 1.0010707840100779 1.5e-05
0.44680019540791405 1.001061501672455 1.5e-05
0.4468978993649243 1.0010658372110328 1.5e-05
0.44699560332193455 1.0010699119242397 1.5e-05
0.4470933072789448 1.0010410471963347 1.5e-05
0.44719101123595506 1.0010485170908374 1.5e-05
0.4472887151929653 1.0010680221452564 1.5e-05
0.44738641914997557 1.0010154594884981 1.5e-05
0.4474841231069858 1.0010781888188804 1.5e-05
0.4475818270639961 1.0010639908463383 1.5e-05
0.4476795310210064 1.001055212285175 1.5e-05
0.44777723497801664 1.0010594074685386 1.5e-05
0.4478749389350269 1.0010408555314987 1.5e-05
0.44797264289203714 1.0010512560718758 1.5e-05
0.4480703468490474 1.0010732083863116 1.5e-05
0.44816805080605765 1.001076375529393 1.5e-05
0.4482657547630679 1.0010975470460546 1.5e-05
0.44836345872007816 1.0010562011204005 1.5e-05
0.4484611626770884 1.0010476334929184 1.5e-05
0.4485588666340987 1.0010499984026204 1.5e-05
0.44865657059110897 1.0010426423973755 1.5e-05
0.4487542745481192 1.001056943279265 1.5e-05
0.4488519785051295 1.0010640508309945 1.5e-05
0.44894968246213973 1.0010579963808686 1.5e-05
0.44904738641915 1.001075152172237 1.5e-05
0.44914509037616024 1.001055395134556 1.5e-05
0.4492427943331705 1.0010538954333588 1.5e-05
0.44934049829018075 1.0010505869634991 1.5e-05
0.449438202247191 1.001035016567555 1.5e-05
0.44953590620420125 1.0010361872942528 1.5e-05
0.44963361016121156 1.001042213306002 1.5e-05
0.4497313141182218 1.0010796147725103 1.5e-05
0.44982901807523207 1.001073720134887 1.5e-05
0.4499267220322423 1.0010811116593668 1.5e-05
0.4500244259892526 1.0010407057229294 1.5e-05
0.45012212994626283 1.0010313570907137 1.5e-05
0.4502198339032731 1.0010511793022236 1.5e-05
0.45031753786028333 1.0010639117668279 1.5e-05
0.4504152418172936 1.0010689498926173 1.5e-05
0.4505129457743039 1.0010773835205875 1.5e-05
0.45061064973131415 1.0010661247316683 1.5e-05
0.4507083536883244 1.0010881928174873 1.5e-05
0.45080605764533466 1.0010589120416522 1.5e-05
0.4509037616023449 1.0010487506844188 1.5e-05
0.45100146555935516 1.0010374242503803 1.5e-05
0.4510991695163654 1.001049500505465 1.5e-05
0.45119687347337567 1.0010666585527643 1.5e-05
0.4512945774303859 1.0010498915979562 1.5e-05
0.4513922813873962 1.001077463531528 1.5e-05
0.45148998534440643 1.0010847895453903 1.5e-05
0.45158768930141674 1.001028260570136 1.5e-05
0.451685393258427 1.001076951936633 1.5e-05
0.45178309721543725 1.0010305951313212 1.5e-05
0.4518808011724475 1.0010703991043335 1.5e-05
0.45197850512945775 1.0010829401757615 1.5e-05
0.452076209086468 1.0010657338094398 1.5e-05
0.45217391304347826 1.001045759584821 1.5e-05
0.4522716170004885 1.0010563635311323 1.5e-05
0.45236932095749877 1.0010614108449443 1.5e-05
0.4524670249145091 1.0010627926052602 1.5e-05
0.45256472887151933 1.0010626735393897 1.5e-05
0.4526624328285296 1.001064259050373 1.5e-05
0.45276013678553984 1.0010692991734906 1.5e-05
0.4528578407425501 1.0010481609280173 1.5e-05
0.45295554469956034 1.0010628473589869 1.5e-05
0.4530532486565706 1.001089438097883 1.5e-05
0.45315095261358085 1.0010610872691372 1.5e-05
0.4532486565705911 1.0010603887246026 1.5e-05
0.45334636052760136 1.00108340556703 1.5e-05
0.4534440644846116 1.001029040002324 1.5e-05
0.4535417684416219 1.0010853305211058 1.5e-05
0.45363947239863217 1.001058322846606 1.5e-05
0.4537371763556424 1.0010704471478802 1.5e-05
0.4538348803126527 1.001069621159189 1.5e-05
0.45393258426966293 1.0010824997014072 1.5e-05
0.4540302882266732 1.0010645384577945 1.5e-05
0.45412799218368344 1.0010585701101173 1.5e-05
0.4542256961406937 1.0010883920022668 1.5e-05
0.45432340009770394 1.001033655019013 1.5e-05
0.45442110405471425 1.0010696053808767 1.5e-05
0.4545188080117245 1.0010492704657346 1.5e-05
0.45461651196873476 1.0010582511935695 1.5e-05
0.454714215925745 1.0011000251878337 1.5e-05
0.45481191988275527 1.0010693769793173 1.5e-05
0.4549096238397655 1.0010731574395257 1.5e-05
0.4550073277967758 1.0010436969981078 1.5e-05
0.455105031753786 1.0010596685096425 1.5e-05
0.4552027357107963 1.001073736317478 1.5e-05
0.45530043966780653 1.0010762942129914 1.5e-05
0.4553981436248168 1.0010804106834854 1.5e-05
0.4554958475818271 1.001071472619905 1.5e-05
0.45559355153883735 1.0010794320175713 1.5e-05
0.4556912554958476 1.0010785182483861 1.5e-05
0.45578895945285786 1.0010444534767753 1.5e-05
0.4558866634098681 1.0010726356566637 1.5e-05
0.45598436736687836 1.0010837818146971 1.5e-05
0.4560820713238886 1.0010812955178041 1.5e-05
0.45617977528089887 1.0010671745864284 1.5e-05
0.4562774792379091 1.001060732200261 1.5e-05
0.45637518319491943 1.0010562256644915 1.5e-05
0.4564728871519297 1.0010712159798094 1.5e-05
0.45657059110893994 1.00109035882272 1.5e-05
0.4566682950659502 1.0010442733330678 1.5e-05
0.45676599902296044 1.0010638324808714 1.5e-05
0.4568637029799707 1.0010568170051328 1.5e-05
0.45696140693698095 1.0010858675286063 1.5e-05
0.4570591108939912 1.0010659627749092 1.5e-05
0.45715681485100146 1.0010673996435018 1.5e-05
0.4572545188080117 1.0010713863223715 1.5e-05
0.45735222276502197 1.0010815020103483 1.5e-05
0.4574499267220323 1.0010691180750626 1.5e-05
0.4575476306790425 1.0010294973059881 1.5e-05
0.4576453346360528 1.001083514537167 1.5e-05
0.45774303859306303 1.001082131663851 1.5e-05
0.4578407425500733 1.0010724347932058 1.5e-05
0.45793844650708354 1.0010596494199693 1.5e-05
0.4580361504640938 1.0010813649378192 1.5e-05
0.45813385442110405 1.0010819571208414 1.5e-05
0.4582315583781143 1.0010693996802866 1.5e-05
0.4583292623351246 1.0010733789030526 1.5e-05
0.45842696629213486 1.0010628586020618 1.5e-05
0.4585246702491451 1.0010743107475784 1.5e-05
0.45862237420615537 1.0010539149555548 1.5e-05
0.4587200781631656 1.0010836076380965 1.5e-05
0.4588177821201759 1.0010633638359783 1.5e-05
0.45891548607718613 1.001081278325277 1.5e-05
0.4590131900341964 1.001056798992292 1.5e-05
0.45911089399120664 1.001069215284454 1.5e-05
0.4592085979482169 1.0010765869095353 1.5e-05
0.45930630190522714 1.0010535148430406 1.5e-05
0.4594040058622374 1.0010803284049665 1.5e-05
0.4595017098192477 1.0010730931731173 1.5e-05
0.45959941377625796 1.001052825435339 1.5e-05
0.4596971177332682 1.001059589645363 1.5e-05
0.45979482169027847 1.001088390238833 1.5e-05
0.4598925256472887 1.0010929242667477 1.5e-05
0.459990229604299 1.0010776916558717 1.5e-05
0.4600879335613092 1.0010859185790795 1.5e-05
0.4601856375183195 1.0010833826320653 1.5e-05
0.4602833414753298 1.001085146595653 1.5e-05
0.46038104543234004 1.0010996678880597 1.5e-05
0.4604787493893503 1.0010579545208995 1.5e-05
0.46057645334636055 1.0010908802154879 1.5e-05
0.4606741573033708 1.0010751816994665 1.5e-05
0.46077186126038105 1.001077724549282 1.5e-05
0.4608695652173913 1.0010767315215106 1.5e-05
0.46096726917440156 1.0010758147723757 1.5e-05
0.4610649731314118 1.0010632267813915 1.5e-05
0.46116267708842207 1.0010845441142646 1.5e-05
0.4612603810454323 1.0011070322579478 1.5e-05
0.4613580850024426 1.0010813048101352 1.5e-05
0.4614557889594529 1.0010823019997226 1.5e-05
0.46155349291646314 1.0010721902318445 1.5e-05
0.4616511968734734 1.0010809126047053 1.5e-05
0.46174890083048364 1.0010898421034822 1.5e-05
0.4618466047874939 1.0010774728091991 1.5e-05
0.46194430874450415 1.0010763950286339 1.5e-05
0.4620420127015144 1.0010894252440437 1.5e-05
0.46213971665852466 1.0010697834255908 1.5e-05
0.46223742061553497 1.0010875144883833 1.5e-05
0.4623351245725452 1.0010962061791655 1.5e-05
0.4624328285295555 1.00110447484058 1.5e-05
0.4625305324865657 1.0010828968815784 1.5e-05
0.462628236443576 1.0011042501579477 1.5e-05
0.46272594040058623 1.0010967017253867 1.5e-05
0.4628236443575965 1.0010625623055234 1.5e-05
0.46292134831460674 1.0010547157193055 1.5e-05
0.463019052271617 1.0010632062427267 1.5e-05
0.46311675622862725 1.001077431289747 1.5e-05
0.4632144601856375 1.0010546291384386 1.5e-05
0.46331216414264775 1.0010399728698542 1.5e-05
0.46340986809965806 1.0010651318852402 1.5e-05
0.4635075720566683 1.0010386596713823 1.5e-05
0.46360527601367857 1.0009917258407481 1.5e-05
0.4637029799706888 1.001023158891212 1.5e-05
0.4638006839276991 1.0010177899949917 1.5e-05
0.46389838788470933 1.0010046991450958 1.5e-05
0.4639960918417196 1.0009991392081226 1.5e-05
0.46409379579872984 1.0009822318059198 1.5e-05
0.46419149975574014 1.000954093662408 1.5e-05
0.4642892037127504 1.0009587256486046 1.5e-05
0.46438690766976065 1.0009403208606686 1.5e-05
0.4644846116267709 1.0009305402788375 1.5e-05
0.46458231558378116 1.000915427224598 1.5e-05
0.4646800195407914 1.000930820701505 1.5e-05
0.46477772349780166 1.0009149907885353 1.5e-05
0.4648754274548119 1.0008961194640318 1.5e-05
0.46497313141182217 1.0008822549825587 1.5e-05
0.4650708353688324 1.0008806326884057 1.5e-05
0.4651685393258427 1.0008859997608195 1.5e-05
0.46526624328285293 1.000828423415558 1.5e-05
0.46536394723986324 1.0008526503739965 1.5e-05
0.4654616511968735 1.000827170713021 1.5e-05
0.46555935515388375 1.0007952923982593 1.5e-05
0.465657059110894 1.0007824244155925 1.5e-05
0.46575476306790425 1.0007858115587869 1.5e-05
0.4658524670249145 1.0007905353138105 1.5e-05
0.46595017098192476 1.0007807253120728 1.5e-05
0.466047874938935 1.0007481791851458 1.5e-05
0.4661455788959453 1.0007647950693133 1.5e-05
0.4662432828529556 1.0007580075508125 1.5e-05
0.46634098680996583 1.0007295737225268 1.5e-05
0.4664386907669761 1.0007015752056247 1.5e-05
0.46653639472398634 1.000713966658934 1.5e-05
0.4666340986809966 1.0006949314371638 1.5e-05
0.46673180263800684 1.0006829540587021 1.5e-05
0.4668295065950171 1.0006462831371175 1.5e-05
0.46692721055202735 1.0005996421507548 1.5e-05
0.4670249145090376 1.0006597760173688 1.5e-05
0.46712261846604786 1.0005895780836813 1.5e-05
0.4672203224230581 1.0005987578759064 1.5e-05
0.4673180263800684 1.000620400909882 1.5e-05
0.46741573033707867 1.0005748933272312 1.5e-05
0.4675134342940889 1.0005692600327145 1.5e-05
0.4676111382510992 1.000517422301548 1.5e-05
