sim_data/sim_data_GP_baseline_hd189_ncF444W.ecsv
# %ECSV 0.9
# ---
# datatype:
# - {name: Time (days), datatype: float64}
# - {name: Flux, datatype: float64}
# - {name: Flux err, datatype: float64}
# - {name: Flux before Baseline, datatype: float64}
# - {name: Baseline, datatype: float64}
# meta:
#   Amplitude: 0.0014619
#   M_planet: 0.0011130568768082329
#   M_planet_units: Msun
#   M_star: 0.812
#   M_star_units: Msun
#   Period: 2.218577
#   Period_units: days
#   R_star: 0.765
#   b_impact: !astropy.units.Quantity
#     unit: !astropy.units.Unit {unit: ''}
#     value: 0.6560793167814927
#   baseline_c: [1.0]
#   dur_14: 0.07681051894288836
#   dur_23: 0.043817925785034365
#   inc: 85.69
#   inc_units: deg
#   prot_star: 1.0
#   rho_GP: 0.7
#   rp: 0.115056
#   rp_units: Rsun
#   sigma_GP: 0.001
#   t0: 0.0
#   y_input: [0.212587193559822, 0.1875962015746607, 0.10421312437579247, 0.1048652652063154, 0.07396204094643963, -0.10988426114539027,
#     -0.0061783184460587155, -0.06551775984748415, 0.12105423789196276, 0.15378327548573822, -0.04586185856263464, 0.05546885463911624,
#     0.12380765335963172, 0.04624802712083938, -0.10450553441687424]
# schema: astropy-2.0
"Time (days)" Flux "Flux err" "Flux before Baseline" Baseline
[from data line 324]
1.1116581682464455 1.0010511811070566 4.58530260724415e-05 0.9999469317591252 0.0011042493479313511
1.1119741240126382 1.001059978402388 4.58530260724415e-05 0.9999856804552669 0.001074297947121082
1.1122900797788309 1.0009876165682412 4.58530260724415e-05 0.9999927704901971 0.0009948460780441915
1.1126060355450236 1.0012239575425748 4.58530260724415e-05 1.00010347760136 0.0011204799412148521
1.1129219913112163 1.0010738092524245 4.58530260724415e-05 0.999967687359878 0.0011061218925466256
1.113237947077409 1.0011027249683009 4.58530260724415e-05 1.000043251358615 0.0010594736096859033
1.113553902843602 1.0010898289977777 4.58530260724415e-05 1.0000342608461692 0.001055568151608349
1.1138698586097946 1.0010219011792514 4.58530260724415e-05 0.9999454832759703 0.0010764179032809495
1.1141858143759873 1.0010667985876551 4.58530260724415e-05 1.0000354559889335 0.0010313425987216688
1.11450177014218 1.000939009195878 4.58530260724415e-05 0.9999457154901386 0.0009932937057396023
1.1148177259083727 1.000942895416105 4.58530260724415e-05 0.99987806890604 0.0010648265100650397
1.1151336816745654 1.0010063347792855 4.58530260724415e-05 1.0000278015849586 0.0009785331943267617
1.1154496374407583 1.0009764241158337 4.58530260724415e-05 0.9999194871032973 0.0010569370125363782
1.115765593206951 1.0009879401331052 4.58530260724415e-05 1.0000206767096342 0.0009672634234709535
1.1160815489731437 1.0009901375842802 4.58530260724415e-05 0.9999686360304723 0.0010215015538080632
1.1163975047393364 1.0010922558865032 4.58530260724415e-05 1.0000760954259262 0.0010161604605770588
1.116713460505529 1.0011550176837587 4.58530260724415e-05 1.0000489943893456 0.0011060232944131592
1.1170294162717218 1.0009541544616236 4.58530260724415e-05 0.9999792108889152 0.000974943572708363
1.1173453720379145 1.0009174442593693 4.58530260724415e-05 0.999968460564088 0.0009489836952812923
1.1176613278041074 1.0009194992787696 4.58530260724415e-05 0.9999443308771819 0.0009751684015877156
1.1179772835703001 1.0009245097917419 4.58530260724415e-05 0.9999797823630455 0.0009447274286962957
1.1182932393364928 1.000947693282759 4.58530260724415e-05 0.9999871448521698 0.0009605484305893075
1.1186091951026855 1.0009858155863665 4.58530260724415e-05 0.9999832776974006 0.0010025378889658451
1.1189251508688782 1.0010255289689454 4.58530260724415e-05 1.0000071853459616 0.001018343622983745
1.119241106635071 1.0010892013137815 4.58530260724415e-05 1.0000265269613189 0.0010626743524626025
1.1195570624012636 1.000968449361013 4.58530260724415e-05 1.0000160327149328 0.0009524166460801221
1.1198730181674565 1.001074860148932 4.58530260724415e-05 0.999964961688734 0.0011098984601979548
1.1201889739336492 1.0010250365007194 4.58530260724415e-05 0.9999340729100651 0.0010909635906543706
1.120504929699842 1.00105687340636 4.58530260724415e-05 1.0000625679144077 0.000994305491952435
1.1208208854660346 1.00085815126163 4.58530260724415e-05 0.9999683866685652 0.0008897645930647283
1.1211368412322273 1.0009522277467444 4.58530260724415e-05 0.9999700903645553 0.0009821373821890416
1.12145279699842 1.000963101965391 4.58530260724415e-05 0.9999761018928743 0.000987000072516637
1.121768752764613 1.0007848956398766 4.58530260724415e-05 0.9999154896838633 0.0008694059560133188
1.1220847085308057 1.000947083993461 4.58530260724415e-05 0.9999780834455307 0.000969000547930403
1.1224006642969984 1.0009310859839695 4.58530260724415e-05 0.9999780063294545 0.0009530796545149513
1.122716620063191 1.000948767171788 4.58530260724415e-05 1.0000284453052282 0.000920321866559821
1.1230325758293838 1.0010135064343022 4.58530260724415e-05 1.0000320263738685 0.0009814800604337293
1.1233485315955765 1.0010007371223726 4.58530260724415e-05 1.0000001729066756 0.0010005642156970395
1.1236644873617694 1.0009736330020107 4.58530260724415e-05 1.000042728067794 0.0009309049342168098
1.123980443127962 1.0009758518356675 4.58530260724415e-05 1.000015588423266 0.0009602634124015725
1.1242963988941548 1.0009150171367465 4.58530260724415e-05 0.9999992809277278 0.0009157362090186021
1.1246123546603475 1.0009100187528206 4.58530260724415e-05 1.0000073790434967 0.000902639709324009
1.1249283104265402 1.0009285065015694 4.58530260724415e-05 0.999991257960388 0.0009372485411812778
1.1252442661927329 1.0009381864851883 4.58530260724415e-05 0.9999818949549384 0.0009562915302498827
1.1255602219589256 1.0008910991148219 4.58530260724415e-05 0.9999877236071524 0.0009033755076694513
1.1258761777251185 1.0007647778565871 4.58530260724415e-05 0.9999482772670081 0.0008165005895790268
1.1261921334913112 1.0009494669494199 4.58530260724415e-05 1.0000128591008257 0.0009366078485941807
1.126508089257504 1.0007843206207292 4.58530260724415e-05 0.9999544622771749 0.0008298583435542375
1.1268240450236966 1.0009390440846186 4.58530260724415e-05 1.000038591340295 0.0009004527443237705
1.1271400007898893 1.0009665891387585 4.58530260724415e-05 0.9999885615692199 0.000978027569538551
1.127455956556082 1.0008995123543638 4.58530260724415e-05 1.000002269494684 0.0008972428596797802
1.1277719123222747 1.000859194174708 4.58530260724415e-05 1.0000226439105784 0.0008365502641295901
1.1280878680884676 1.0008422152161673 4.58530260724415e-05 1.0000294979149393 0.0008127173012281141
1.1284038238546603 1.0008565524601116 4.58530260724415e-05 0.9999279821638939 0.0009285702962176487
1.128719779620853 1.0008640975338665 4.58530260724415e-05 0.9999905128403423 0.0008735846935240571
1.1290357353870457 1.000937300077355 4.58530260724415e-05 1.000040358866604 0.0008969412107508448
1.1293516911532384 1.000837564663782 4.58530260724415e-05 0.9999221367095878 0.0009154279541941242
1.1296676469194311 1.0008877731924992 4.58530260724415e-05 1.0000177579817355 0.0008700152107636554
1.129983602685624 1.000750513124383 4.58530260724415e-05 0.9998965755545811 0.0008539375698018257
1.1302995584518167 1.0007708852791477 4.58530260724415e-05 0.9999531149670395 0.0008177703121081942
1.1306155142180094 1.0007063218910615 4.58530260724415e-05 1.0000017713277007 0.0007045505633607116
1.1309314699842021 1.0006826216447129 4.58530260724415e-05 0.9999240345992186 0.0007585870454942601
1.1312474257503948 1.0007710730346357 4.58530260724415e-05 0.9999556044425971 0.0008154685920386005
1.1315633815165875 1.0007464417008884 4.58530260724415e-05 0.9999415971889877 0.00080484451190066
1.1318793372827805 1.0009240878032628 4.58530260724415e-05 1.000097068875202 0.0008270189280607439
1.1321952930489732 1.0008427279519427 4.58530260724415e-05 1.0000441532531734 0.0007985746987693009
1.1325112488151658 1.000886835113969 4.58530260724415e-05 1.0000799018307642 0.0008069332832046933
1.1328272045813585 1.0008965381300376 4.58530260724415e-05 1.0000627750845519 0.0008337630454857483
1.1331431603475512 1.0008297014960716 4.58530260724415e-05 1.0000775156785844 0.0007521858174872769
1.133459116113744 1.000813423135937 4.58530260724415e-05 1.0000418603950318 0.0007715627409049855
1.1337750718799366 1.0008269927837024 4.58530260724415e-05 1.0001263066205508 0.0007006861631516097
1.1340910276461296 1.0009419780150308 4.58530260724415e-05 1.0001298818187643 0.0008120961962664951
1.1344069834123223 1.0009978011903398 4.58530260724415e-05 1.0002306228816003 0.0007671783087395428
1.134722939178515 1.0010560582167491 4.58530260724415e-05 1.0002714544203595 0.0007846037963897166
1.1350388949447077 1.001149790113199 4.58530260724415e-05 1.0003155797212264 0.0008342103919725011
1.1353548507109004 1.0011344619094509 4.58530260724415e-05 1.000317977583927 0.0008164843255239326
1.135670806477093 1.0010468219328934 4.58530260724415e-05 1.0002833386937664 0.000763483239127106
1.1359867622432858 1.0010938275289796 4.58530260724415e-05 1.0002928730747727 0.0008009544542068497
1.1363027180094787 1.001107668148855 4.58530260724415e-05 1.0004137887342581 0.0006938794145969222
1.1366186737756714 1.001203879971804 4.58530260724415e-05 1.0004308996267155 0.000772980345088466
1.136934629541864 1.0011282458845028 4.58530260724415e-05 1.0003707139635714 0.0007575319209314754
1.1372505853080568 1.0011757215797454 4.58530260724415e-05 1.0005066435117405 0.0006690780680048991
1.1375665410742495 1.0013675366261057 4.58530260724415e-05 1.000567487896513 0.0008000487295927753
1.1378824968404422 1.0012784478579482 4.58530260724415e-05 1.0005738536366091 0.0007045942213390883
1.1381984526066349 1.0013694020532795 4.58530260724415e-05 1.0006048398058047 0.000764562247474849
1.1385144083728278 1.001330769612577 4.58530260724415e-05 1.0006195599741972 0.0007112096383798677
1.1388303641390205 1.0014088042976323 4.58530260724415e-05 1.0006345482982932 0.0007742559993390804
1.1391463199052132 1.0015751644095903 4.58530260724415e-05 1.000782777767413 0.000792386642177307
1.139462275671406 1.001470625738541 4.58530260724415e-05 1.0007779285408118 0.0006926971977292563
1.1397782314375986 1.0014789052510185 4.58530260724415e-05 1.0008281120156264 0.0006507932353921175
1.1400941872037915 1.0016723707977104 4.58530260724415e-05 1.0009655409253602 0.0007068298723503307
1.1404101429699842 1.0017156303435208 4.58530260724415e-05 1.0009651584265726 0.0007504719169482719
1.140726098736177 1.0016913611502163 4.58530260724415e-05 1.0009987008533465 0.0006926602968697557
1.1410420545023696 1.0017116676062325 4.58530260724415e-05 1.001036202231055 0.0006754653751773823
1.1413580102685623 1.0018695548741217 4.58530260724415e-05 1.0011472490922493 0.0007223057818724676
1.141673966034755 1.0017671738507006 4.58530260724415e-05 1.0012039346827293 0.0005632391679712889
1.1419899218009477 1.0018602240048025 4.58530260724415e-05 1.0012146935279593 0.0006455304768432174
1.1423058775671406 1.001847204912786 4.58530260724415e-05 1.001244982816285 0.0006022220965010215
1.1426218333333333 1.0018388292368383 4.58530260724415e-05 1.0011674466095457 0.000671382627292649
1.142937789099526 1.0019311890591756 4.58530260724415e-05 1.0013131170511305 0.000618072008045068
1.1432537448657187 1.0019343780995762 4.58530260724415e-05 1.0013439339034784 0.0005904441960977171
1.1435697006319114 1.0020108708980122 4.58530260724415e-05 1.0013949164707683 0.0006159544272439451
1.1438856563981041 1.0020267515056607 4.58530260724415e-05 1.001472563509226 0.000554187996434688
1.1442016121642968 1.0019511725303485 4.58530260724415e-05 1.0013401740424464 0.0006109984879020669
1.1445175679304898 1.0020462125620868 4.58530260724415e-05 1.0014736919459837 0.0005725206161030535
1.1448335236966825 1.0021210419422804 4.58530260724415e-05 1.0015434759410864 0.0005775660011939095
1.1451494794628752 1.0020909158296794 4.58530260724415e-05 1.0015380967683223 0.0005528190613571523
1.1454654352290679 1.0021419182965043 4.58530260724415e-05 1.0015198577196904 0.0006220605768138214
1.1457813909952606 1.002218444355056 4.58530260724415e-05 1.0016467708681227 0.0005716734869332069
1.1460973467614533 1.0022345945906768 4.58530260724415e-05 1.0016383910696343 0.0005962035210425502
1.146413302527646 1.0021880784812964 4.58530260724415e-05 1.0015965541017469 0.0005915243795494577
1.1467292582938389 1.002193747697133 4.58530260724415e-05 1.001667531065338 0.0005262166317949889
1.1470452140600316 1.0022827300712895 4.58530260724415e-05 1.0016994917875652 0.0005832382837242976
1.1473611698262243 1.0022381264086548 4.58530260724415e-05 1.0016676469493389 0.0005704794593160247
1.147677125592417 1.0022721872358444 4.58530260724415e-05 1.0017065065048043 0.0005656807310402249
1.1479930813586097 1.0022010191748913 4.58530260724415e-05 1.0016732240631343 0.0005277951117570039
1.1483090371248026 1.0021704686323332 4.58530260724415e-05 1.0016513504621127 0.0005191181702204591
1.1486249928909953 1.002186893624154 4.58530260724415e-05 1.0016161471759335 0.0005707464482204999
1.148940948657188 1.0023038868202516 4.58530260724415e-05 1.001665207036079 0.0006386797841726672
1.1492569044233807 1.0021781442941542 4.58530260724415e-05 1.001677893146213 0.0005002511479413043
1.1495728601895734 1.0022668777947437 4.58530260724415e-05 1.0017089807134674 0.0005578970812764001
1.149888815955766 1.0021764198165501 4.58530260724415e-05 1.0016633799079622 0.0005130399085880377
1.1502047717219588 1.0022525486045104 4.58530260724415e-05 1.001689468524948 0.0005630800795625132
1.1505207274881517 1.002171055131301 4.58530260724415e-05 1.001624100855811 0.000546954275489905
1.1508366832543444 1.0022085882137548 4.58530260724415e-05 1.0016322818198873 0.0005763063938676274
1.151152639020537 1.0020540279153642 4.58530260724415e-05 1.001662942449936 0.0003910854654282912
1.1514685947867298 1.0020974820814164 4.58530260724415e-05 1.001619482524342 0.00047799955707422014
1.1517845505529225 1.0021566605004841 4.58530260724415e-05 1.0017052874728807 0.0004513730276034633
1.1521005063191152 1.0021728286960903 4.58530260724415e-05 1.001688748650311 0.00048408004577933726
1.152416462085308 1.0021289686347181 4.58530260724415e-05 1.0016801461037346 0.00044882253098358206
1.1527324178515008 1.0021266453065187 4.58530260724415e-05 1.0016827243925486 0.0004439209139701066
1.1530483736176935 1.0022595472662619 4.58530260724415e-05 1.0017596913698896 0.0004998558963721829
1.1533643293838862 1.0022040493522764 4.58530260724415e-05 1.0016453572583408 0.0005586920939355474
1.153680285150079 1.001900738956982 4.58530260724415e-05 1.001565748948479 0.00033499000850296284
1.1539962409162716 1.0021121969231621 4.58530260724415e-05 1.0016756657028543 0.0004365312203079308
1.1543121966824643 1.0021242151063792 4.58530260724415e-05 1.0016640422525283 0.0004601728538508936
1.154628152448657 1.0020846357479645 4.58530260724415e-05 1.0016424680559013 0.00044216769206326144
1.15494410821485 1.0020415176067563 4.58530260724415e-05 1.0016211507508512 0.0004203668559050836
1.1552600639810426 1.0020100572815143 4.58530260724415e-05 1.00164572998507 0.000364327296444245
1.1555760197472353 1.002045348556007 4.58530260724415e-05 1.0016740180610921 0.0003713304949149157
1.155891975513428 1.0020842651134518 4.58530260724415e-05 1.001642482369809 0.00044178274364298654
1.1562079312796207 1.002233858772992 4.58530260724415e-05 1.001775991130367 0.00045786764262493497
1.1565238870458137 1.002032651563417 4.58530260724415e-05 1.0016211654884017 0.0004114860750152836
1.1568398428120064 1.001990481840936 4.58530260724415e-05 1.0016286752819121 0.00036180655902387564
1.157155798578199 1.0019574820102222 4.58530260724415e-05 1.0015599364511014 0.00039754555912084664
1.1574717543443918 1.0020530917226345 4.58530260724415e-05 1.001676242319688 0.00037684940294626003
1.1577877101105845 1.001981022344731 4.58530260724415e-05 1.0015720869457585 0.0004089353989725217
1.1581036658767772 1.0020262186319198 4.58530260724415e-05 1.0016396438577193 0.00038657477420055305
1.1584196216429699 1.0019981459373886 4.58530260724415e-05 1.0016515732510622 0.0003465726863262449
1.1587355774091628 1.0020094378567705 4.58530260724415e-05 1.0016315043991229 0.0003779334576477619
1.1590515331753555 1.0020511474133589 4.58530260724415e-05 1.0017436140436906 0.000307533369668317
1.1593674889415482 1.0021026887979605 4.58530260724415e-05 1.0017093112575723 0.00039337754038824314
1.1596834447077409 1.0021351950178223 4.58530260724415e-05 1.0017240353801289 0.0004111596376934791
1.1599994004739336 1.0019214684337374 4.58530260724415e-05 1.0016229209872196 0.000298547446517846
1.1603153562401263 1.0020802821289139 4.58530260724415e-05 1.0017149655120479 0.0003653166168660661
1.160631312006319 1.0019802423417223 4.58530260724415e-05 1.00168579260294 0.00029444973878220936
1.160947267772512 1.002083066348894 4.58530260724415e-05 1.0016982540563506 0.0003848122925434498
1.1612632235387046 1.002088511316436 4.58530260724415e-05 1.0017099188464735 0.00037859246996250746
1.1615791793048973 1.0019454566772594 4.58530260724415e-05 1.001620879519097 0.0003245771581622938
1.16189513507109 1.002022106547877 4.58530260724415e-05 1.0016429258210673 0.0003791807268095498
