sim_data/sim_data_baseline.ecsv
# %ECSV 0.9
# ---
# datatype:
# - {name: Time (days), datatype: float64}
# - {name: Flux, datatype: float64}
# - {name: Flux err, datatype: float64}
# meta:
#   Amplitude: 0.001
#   M_star: 1.0
#   Period: 1.0
#   R_star: 1.0
#   b_impact: !astropy.units.Quantity
#     unit: !astropy.units.Unit {unit: ''}
#     value: 0.512860118872354
#   baseline_c: [0.0002, 0.0002, 0.0003, 1.0]
#   dur_14: 0.07484685034248201
#   dur_23: 0.05665970843307687
#   inc: 83
#   prot_star: 1.0
#   rp: 0.1
#   t0: 0.0
#   y_input: [0.212587193559822, 0.1875962015746607, 0.10421312437579247, 0.1048652652063154, 0.07396204094643963, -0.10988426114539027,
#     -0.0061783184460587155, -0.06551775984748415, 0.12105423789196276, 0.15378327548573822, -0.04586185856263464, 0.05546885463911624,
#     0.12380765335963172, 0.04624802712083938, -0.10450553441687424]
# schema: astropy-2.0
"Time (days)" Flux "Flux err"
[from data line 1391]
0.5359062042012701 1.0011635179524987 1.5e-05
0.5360039081582804 1.0011854102156363 1.5e-05
0.5361016121152906 1.001210059039946 1.5e-05
0.5361993160723009 1.0012045419406606 1.5e-05
0.5362970200293111 1.001200921823977 1.5e-05
0.5363947239863214 1.0012264691417172 1.5e-05
0.5364924279433316 1.001203393563309 1.5e-05
0.536590131900342 1.0012525205068687 1.5e-05
0.5366878358573522 1.0012417954566644 1.5e-05
0.5367855398143625 1.0012474393678448 1.5e-05
0.5368832437713728 1.0012732059928875 1.5e-05
0.536980947728383 1.0012443953408148 1.5e-05
0.5370786516853933 1.0012981103498304 1.5e-05
0.5371763556424035 1.001264936158437 1.5e-05
0.5372740595994138 1.0012667509825257 1.5e-05
0.537371763556424 1.0012915830918145 1.5e-05
0.5374694675134343 1.0012876008523912 1.5e-05
0.5375671714704445 1.0013141828995806 1.5e-05
0.5376648754274548 1.0012746811577389 1.5e-05
0.537762579384465 1.0012764849849238 1.5e-05
0.5378602833414753 1.0012565406389364 1.5e-05
0.5379579872984855 1.0012741946784873 1.5e-05
0.5380556912554958 1.0012687978296135 1.5e-05
0.5381533952125062 1.001273333198457 1.5e-05
0.5382510991695164 1.0012543444350168 1.5e-05
0.5383488031265267 1.0013058706626337 1.5e-05
0.5384465070835369 1.0012601524467697 1.5e-05
0.5385442110405472 1.0012398131293945 1.5e-05
0.5386419149975574 1.0012644723277149 1.5e-05
0.5387396189545677 1.0012736920072505 1.5e-05
0.5388373229115779 1.0012659553162209 1.5e-05
0.5389350268685882 1.0013001296552542 1.5e-05
0.5390327308255984 1.0012820364904864 1.5e-05
0.5391304347826087 1.0012849379765387 1.5e-05
0.539228138739619 1.0012941680023322 1.5e-05
0.5393258426966292 1.0012897558613845 1.5e-05
0.5394235466536395 1.001300600993583 1.5e-05
0.5395212506106497 1.0012697311838064 1.5e-05
0.53961895456766 1.0012786186769722 1.5e-05
0.5397166585246702 1.001297281467798 1.5e-05
0.5398143624816805 1.0012497241398848 1.5e-05
0.5399120664386907 1.0012675766882004 1.5e-05
0.540009770395701 1.0012961839386583 1.5e-05
0.5401074743527112 1.0012819236718111 1.5e-05
0.5402051783097215 1.0013036341367658 1.5e-05
0.5403028822667317 1.0013021923264531 1.5e-05
0.540400586223742 1.0012725414283226 1.5e-05
0.5404982901807522 1.0012970807395174 1.5e-05
0.5405959941377626 1.0013094732136436 1.5e-05
0.5406936980947729 1.0012941222761969 1.5e-05
0.5407914020517831 1.001277712423557 1.5e-05
0.5408891060087934 1.0013060372773523 1.5e-05
0.5409868099658036 1.0013028453119575 1.5e-05
0.5410845139228139 1.0013019218272885 1.5e-05
0.5411822178798241 1.0013049919766364 1.5e-05
0.5412799218368344 1.0012497947356458 1.5e-05
0.5413776257938446 1.0013084094251572 1.5e-05
0.5414753297508549 1.0013227920080248 1.5e-05
0.5415730337078651 1.00130268913277 1.5e-05
0.5416707376648754 1.0012995037680716 1.5e-05
0.5417684416218856 1.001307535476683 1.5e-05
0.5418661455788959 1.0013026369150322 1.5e-05
0.5419638495359062 1.0013078174869354 1.5e-05
0.5420615534929165 1.0012985383557584 1.5e-05
0.5421592574499268 1.0012874917514143 1.5e-05
0.542256961406937 1.001284405753036 1.5e-05
0.5423546653639473 1.001284977471463 1.5e-05
0.5424523693209575 1.0012798342796612 1.5e-05
0.5425500732779678 1.0012848960200156 1.5e-05
0.542647777234978 1.0013278210275052 1.5e-05
0.5427454811919883 1.0013131938647182 1.5e-05
0.5428431851489985 1.0012929872287926 1.5e-05
0.5429408891060088 1.0012969921736217 1.5e-05
0.543038593063019 1.001305023433084 1.5e-05
0.5431362970200293 1.001293986272397 1.5e-05
0.5432340009770396 1.0013053215110828 1.5e-05
0.5433317049340498 1.001316462955466 1.5e-05
0.5434294088910601 1.0013047495354008 1.5e-05
0.5435271128480703 1.001310816820052 1.5e-05
0.5436248168050806 1.0013195662198535 1.5e-05
0.5437225207620908 1.0013026752240597 1.5e-05
0.5438202247191011 1.0013115230510166 1.5e-05
0.5439179286761113 1.0013031021508398 1.5e-05
0.5440156326331216 1.001307809815704 1.5e-05
0.5441133365901318 1.001303860959853 1.5e-05
0.5442110405471421 1.0013012941452573 1.5e-05
0.5443087445041523 1.0013123315845245 1.5e-05
0.5444064484611626 1.0013187227893678 1.5e-05
0.544504152418173 1.0013129164213137 1.5e-05
0.5446018563751832 1.0013187030770418 1.5e-05
0.5446995603321935 1.0013006498094252 1.5e-05
0.5447972642892037 1.0012941624409877 1.5e-05
0.544894968246214 1.0013189807057297 1.5e-05
0.5449926722032242 1.0013235468323478 1.5e-05
0.5450903761602345 1.0013144782535406 1.5e-05
0.5451880801172447 1.001334459231878 1.5e-05
0.545285784074255 1.0013283582746002 1.5e-05
0.5453834880312652 1.0013554628248478 1.5e-05
0.5454811919882755 1.001312740781056 1.5e-05
0.5455788959452857 1.0013012758094686 1.5e-05
0.545676599902296 1.0013056661188202 1.5e-05
0.5457743038593063 1.001308795963564 1.5e-05
0.5458720078163165 1.0013249326296916 1.5e-05
0.5459697117733269 1.0012859247510015 1.5e-05
0.5460674157303371 1.001338596848201 1.5e-05
0.5461651196873474 1.0013157377170878 1.5e-05
0.5462628236443576 1.0013161393831143 1.5e-05
0.5463605276013679 1.0013041636425952 1.5e-05
0.5464582315583781 1.0013191592426396 1.5e-05
0.5465559355153884 1.001321588407842 1.5e-05
0.5466536394723986 1.0013200779086615 1.5e-05
0.5467513434294089 1.001327512955753 1.5e-05
0.5468490473864192 1.0013140991941867 1.5e-05
0.5469467513434294 1.0013100258392311 1.5e-05
0.5470444553004397 1.0013322136981009 1.5e-05
0.5471421592574499 1.0013259895314643 1.5e-05
0.5472398632144602 1.0013279905696775 1.5e-05
0.5473375671714704 1.0013414448751063 1.5e-05
0.5474352711284807 1.0013107393116591 1.5e-05
0.5475329750854909 1.001313775399674 1.5e-05
0.5476306790425012 1.001345995554671 1.5e-05
0.5477283829995114 1.0013054128793255 1.5e-05
0.5478260869565217 1.0013085438928102 1.5e-05
0.5479237909135319 1.0013409890568947 1.5e-05
0.5480214948705422 1.0013328225065927 1.5e-05
0.5481191988275524 1.0013313586795378 1.5e-05
0.5482169027845627 1.0013289366973555 1.5e-05
0.548314606741573 1.0013313139221256 1.5e-05
0.5484123106985833 1.0013299966630218 1.5e-05
0.5485100146555936 1.0013522494029372 1.5e-05
0.5486077186126038 1.001326475520113 1.5e-05
0.5487054225696141 1.0013305644647768 1.5e-05
0.5488031265266243 1.0013604456443317 1.5e-05
0.5489008304836346 1.0013344741824508 1.5e-05
0.5489985344406448 1.0013680883066196 1.5e-05
0.5490962383976551 1.001333565914937 1.5e-05
0.5491939423546653 1.0013561978158323 1.5e-05
0.5492916463116756 1.0013113884933562 1.5e-05
0.5493893502686858 1.0013390722654776 1.5e-05
0.5494870542256961 1.0013135385982048 1.5e-05
0.5495847581827064 1.0013505254022874 1.5e-05
0.5496824621397166 1.0013202044212783 1.5e-05
0.5497801660967269 1.001343205634681 1.5e-05
0.5498778700537372 1.001335261821325 1.5e-05
0.5499755740107475 1.0013226672481044 1.5e-05
0.5500732779677577 1.0013162977447716 1.5e-05
0.550170981924768 1.0013334766275224 1.5e-05
0.5502686858817782 1.0013678106042017 1.5e-05
0.5503663898387885 1.0013378441689886 1.5e-05
0.5504640937957987 1.0013565620402265 1.5e-05
0.550561797752809 1.0013424988065942 1.5e-05
0.5506595017098193 1.0013570635605222 1.5e-05
0.5507572056668295 1.0013170556028872 1.5e-05
0.5508549096238398 1.0013389732224478 1.5e-05
0.55095261358085 1.0013598246201207 1.5e-05
0.5510503175378603 1.0013436895917571 1.5e-05
0.5511480214948705 1.001345401530889 1.5e-05
0.5512457254518808 1.0013408008445916 1.5e-05
0.551343429408891 1.0013650655585338 1.5e-05
0.5514411333659013 1.0013528470974355 1.5e-05
0.5515388373229115 1.0013496072670893 1.5e-05
0.5516365412799218 1.001359159255861 1.5e-05
0.551734245236932 1.0013589019541926 1.5e-05
0.5518319491939423 1.0013538323327038 1.5e-05
0.5519296531509525 1.00137442098414 1.5e-05
0.5520273571079628 1.0013508736388161 1.5e-05
0.552125061064973 1.0013565195020155 1.5e-05
0.5522227650219833 1.0013432707615875 1.5e-05
0.5523204689789937 1.0013557406553095 1.5e-05
0.5524181729360039 1.0013778825255444 1.5e-05
0.5525158768930142 1.001344982097592 1.5e-05
0.5526135808500244 1.0013381991664425 1.5e-05
0.5527112848070347 1.0013707370493434 1.5e-05
0.5528089887640449 1.0013541257850602 1.5e-05
0.5529066927210552 1.0013583749938986 1.5e-05
0.5530043966780654 1.001356835431145 1.5e-05
0.5531021006350757 1.0013592780920773 1.5e-05
0.553199804592086 1.0013714317174438 1.5e-05
0.5532975085490962 1.0013466612460205 1.5e-05
0.5533952125061065 1.0013446524148695 1.5e-05
0.5534929164631167 1.0013616901554292 1.5e-05
0.553590620420127 1.0013368962201887 1.5e-05
0.5536883243771372 1.0013409823363049 1.5e-05
0.5537860283341476 1.0013901759726322 1.5e-05
0.5538837322911578 1.0013741199970718 1.5e-05
0.5539814362481681 1.001363191610125 1.5e-05
0.5540791402051783 1.0013825056325247 1.5e-05
0.5541768441621886 1.001348907224065 1.5e-05
0.5542745481191989 1.0013603752084197 1.5e-05
0.5543722520762091 1.001375055909041 1.5e-05
0.5544699560332194 1.0013796574548108 1.5e-05
0.5545676599902296 1.0013745829157004 1.5e-05
0.5546653639472399 1.0013293530404779 1.5e-05
0.5547630679042501 1.0013535516140355 1.5e-05
0.5548607718612604 1.0013758306085332 1.5e-05
0.5549584758182706 1.0013639292347554 1.5e-05
0.5550561797752809 1.0014079813649337 1.5e-05
0.5551538837322911 1.001384369113859 1.5e-05
0.5552515876893014 1.0013794406348642 1.5e-05
0.5553492916463116 1.001354909689897 1.5e-05
0.5554469956033219 1.001371740792194 1.5e-05
0.5555446995603321 1.0013764924523771 1.5e-05
0.5556424035173424 1.0013903987021746 1.5e-05
0.5557401074743527 1.0013873029909148 1.5e-05
0.5558378114313629 1.001390187508377 1.5e-05
0.5559355153883732 1.00136143323821 1.5e-05
0.5560332193453834 1.0013970915295596 1.5e-05
0.5561309233023937 1.0013558006497392 1.5e-05
0.556228627259404 1.0013690817802083 1.5e-05
0.5563263312164143 1.0013841969601582 1.5e-05
0.5564240351734245 1.0013760966923433 1.5e-05
0.5565217391304348 1.0013638640603115 1.5e-05
0.556619443087445 1.0013672461147278 1.5e-05
0.5567171470444553 1.0013569575986452 1.5e-05
0.5568148510014655 1.0013887855113757 1.5e-05
0.5569125549584758 1.0014003344287326 1.5e-05
0.5570102589154861 1.0013805324592016 1.5e-05
0.5571079628724963 1.0013766509306854 1.5e-05
0.5572056668295066 1.001361186942771 1.5e-05
0.5573033707865168 1.0013976006989684 1.5e-05
0.5574010747435271 1.0014176996786923 1.5e-05
0.5574987787005373 1.0013581747379763 1.5e-05
0.5575964826575476 1.0013698122002483 1.5e-05
0.5576941866145579 1.0013761964865358 1.5e-05
0.5577918905715682 1.0013785522011576 1.5e-05
0.5578895945285784 1.0013910576005722 1.5e-05
0.5579872984855887 1.001412495131786 1.5e-05
0.558085002442599 1.0014040369765431 1.5e-05
0.5581827063996092 1.001397450139339 1.5e-05
0.5582804103566195 1.0013793031557174 1.5e-05
0.5583781143136297 1.001373998198836 1.5e-05
0.55847581827064 1.0013794756016547 1.5e-05
0.5585735222276502 1.0014152925024806 1.5e-05
0.5586712261846605 1.001391773774623 1.5e-05
0.5587689301416707 1.0013866320485154 1.5e-05
0.558866634098681 1.0013912167306227 1.5e-05
0.5589643380556912 1.0014069850612406 1.5e-05
0.5590620420127015 1.0013755532179243 1.5e-05
0.5591597459697117 1.0014171213161447 1.5e-05
0.559257449926722 1.001398881363458 1.5e-05
0.5593551538837322 1.001393929937314 1.5e-05
0.5594528578407425 1.0014044641975597 1.5e-05
0.5595505617977528 1.0014017410522638 1.5e-05
0.559648265754763 1.001393945286787 1.5e-05
0.5597459697117733 1.0013959646131338 1.5e-05
0.5598436736687835 1.0013873672939053 1.5e-05
0.5599413776257938 1.0014109015458512 1.5e-05
0.560039081582804 1.0013937202761194 1.5e-05
0.5601367855398144 1.0013880052161799 1.5e-05
0.5602344894968246 1.0014054938764427 1.5e-05
0.5603321934538349 1.001423601126475 1.5e-05
0.5604298974108451 1.0014035866175937 1.5e-05
0.5605276013678554 1.001395842733156 1.5e-05
0.5606253053248657 1.001411683263732 1.5e-05
0.5607230092818759 1.001435339501808 1.5e-05
0.5608207132388862 1.001385153054217 1.5e-05
0.5609184171958964 1.0014133321496452 1.5e-05
0.5610161211529067 1.0014113348315303 1.5e-05
0.5611138251099169 1.0014263471761031 1.5e-05
0.5612115290669272 1.0014244493720983 1.5e-05
0.5613092330239374 1.0014074431045132 1.5e-05
0.5614069369809477 1.0013856335491662 1.5e-05
0.5615046409379579 1.0014236767057063 1.5e-05
0.5616023448949683 1.0013997093547322 1.5e-05
0.5617000488519786 1.0013987032315617 1.5e-05
0.5617977528089888 1.0014308079740348 1.5e-05
0.5618954567659991 1.001400580145929 1.5e-05
0.5619931607230093 1.0014359671411552 1.5e-05
0.5620908646800196 1.0014206290423469 1.5e-05
0.5621885686370298 1.0014210510052648 1.5e-05
0.5622862725940401 1.0014215471474266 1.5e-05
0.5623839765510503 1.001393027739748 1.5e-05
0.5624816805080606 1.0013916337298656 1.5e-05
0.5625793844650708 1.0014221994525354 1.5e-05
0.5626770884220811 1.0014281662139757 1.5e-05
0.5627747923790913 1.0014215623167906 1.5e-05
0.5628724963361016 1.001408676249476 1.5e-05
0.5629702002931118 1.0014219685936656 1.5e-05
0.5630679042501221 1.001421136335731 1.5e-05
0.5631656082071324 1.0014086889239457 1.5e-05
0.5632633121641426 1.0014389500644942 1.5e-05
0.5633610161211529 1.001398458930244 1.5e-05
0.5634587200781631 1.0014339422695862 1.5e-05
0.5635564240351734 1.0014315629631412 1.5e-05
0.5636541279921836 1.0014416358733031 1.5e-05
0.5637518319491939 1.0014120908517417 1.5e-05
0.5638495359062041 1.001429388233578 1.5e-05
0.5639472398632144 1.001461137016611 1.5e-05
0.5640449438202246 1.001439186669114 1.5e-05
0.564142647777235 1.001431455992366 1.5e-05
0.5642403517342452 1.0014387324127927 1.5e-05
0.5643380556912555 1.0014326320651457 1.5e-05
0.5644357596482658 1.001464911036774 1.5e-05
0.564533463605276 1.001447494979179 1.5e-05
0.5646311675622863 1.0014321508322852 1.5e-05
0.5647288715192965 1.0014379227298984 1.5e-05
0.5648265754763068 1.0014289746930263 1.5e-05
0.564924279433317 1.0014536956355191 1.5e-05
0.5650219833903273 1.0014151475051087 1.5e-05
0.5651196873473375 1.0014128723896447 1.5e-05
0.5652173913043478 1.0014595461253748 1.5e-05
0.565315095261358 1.0014706733365195 1.5e-05
0.5654127992183683 1.0014461013122682 1.5e-05
0.5655105031753785 1.0014414758207397 1.5e-05
0.5656082071323889 1.0014503574580809 1.5e-05
0.5657059110893992 1.0014314980149188 1.5e-05
0.5658036150464094 1.0014444897784585 1.5e-05
0.5659013190034197 1.0014432183168327 1.5e-05
0.5659990229604299 1.0014527515167642 1.5e-05
0.5660967269174402 1.0014206882855767 1.5e-05
0.5661944308744504 1.0014371757168765 1.5e-05
0.5662921348314607 1.0014581818432617 1.5e-05
0.5663898387884709 1.0014360849165258 1.5e-05
0.5664875427454812 1.0014320376499766 1.5e-05
0.5665852467024914 1.0014783069843822 1.5e-05
0.5666829506595017 1.0014489603673802 1.5e-05
0.566780654616512 1.0014404258519387 1.5e-05
0.5668783585735222 1.0014244435924045 1.5e-05
0.5669760625305325 1.0014615085602911 1.5e-05
0.5670737664875427 1.0014617828744838 1.5e-05
0.567171470444553 1.0014475379120555 1.5e-05
0.5672691744015632 1.0014362114559752 1.5e-05
0.5673668783585735 1.0014531133642455 1.5e-05
0.5674645823155837 1.0014416715593843 1.5e-05
0.567562286272594 1.001440810659542 1.5e-05
0.5676599902296042 1.0014541327141389 1.5e-05
0.5677576941866145 1.001440640463206 1.5e-05
0.5678553981436247 1.0014608546407575 1.5e-05
0.567953102100635 1.001467014501161 1.5e-05
0.5680508060576454 1.001446031212325 1.5e-05
0.5681485100146556 1.0014388391768638 1.5e-05
0.5682462139716659 1.0014835390726935 1.5e-05
0.5683439179286761 1.001446744544777 1.5e-05
0.5684416218856864 1.0014516944043226 1.5e-05
0.5685393258426966 1.001465538129444 1.5e-05
0.5686370297997069 1.0014720812378204 1.5e-05
0.5687347337567171 1.0014599881069677 1.5e-05
0.5688324377137274 1.001471496704204 1.5e-05
0.5689301416707376 1.0014593143869854 1.5e-05
0.5690278456277479 1.0014515087415883 1.5e-05
0.5691255495847581 1.0014882357332189 1.5e-05
0.5692232535417684 1.0015049260815392 1.5e-05
0.5693209574987786 1.0014937883389157 1.5e-05
0.5694186614557889 1.0014712221171034 1.5e-05
0.5695163654127993 1.001497362009614 1.5e-05
0.5696140693698095 1.0014759449431598 1.5e-05
0.5697117733268198 1.0014642037392119 1.5e-05
0.56980947728383 1.0014791234930136 1.5e-05
0.5699071812408403 1.0014714693754299 1.5e-05
0.5700048851978505 1.001458895241505 1.5e-05
