sim_data/sim_data_gcm01_baseline_hd189_ncF444W.ecsv
# %ECSV 1.0
# ---
# datatype:
# - {name: Time (days), datatype: float64}
# - {name: Flux, datatype: float64}
# - {name: Flux err, datatype: float64}
# - {name: Flux before Baseline, datatype: float64}
# - {name: Baseline, datatype: float64}
# meta:
#   Amplitude: 0.0014619
#   M_planet: 0.0011130568768082329
#   M_planet_units: Msun
#   M_star: 0.812
#   M_star_units: Msun
#   Period: 2.218577
#   Period_units: days
#   R_star: 0.765
#   b_impact: !astropy.units.Quantity
#     unit: !astropy.units.Unit {unit: ''}
#     value: 0.6560793167814927
#   baseline_c: [0.0002, 0.0003, 1.0]
#   dur_14: 0.07681051894288836
#   dur_23: 0.043817925785034365
#   inc: 85.69
#   inc_units: deg
#   prot_star: 1.0
#   rp: 0.115056
#   rp_units: Rsun
#   t0: 0.0
#   y_input: [-8.684814416881487e-05, 0.08670433230910421, 0.1494331284409861, 0.0018629052589362975, 0.00027639925356365893, 0.06802456935447314,
#     0.015511602373684364, 0.09454611053054753, 0.000729828947182707, -0.0008445077266664528, 0.0012521910694945721, -0.0033840033897579247,
#     -0.013452997366555365, -0.019385414730800646, -0.028814623693635848]
# schema: astropy-2.0
"Time (days)" Flux "Flux err" "Flux before Baseline" Baseline
1.0092884999999998 1.0017138217729145 4.58530260724415e-05 1.0018140031732319 0.9999
1.0096044557661925 1.0016507859145445 4.58530260724415e-05 1.001751275551134 0.9998996860407947
1.0099204115323852 1.0016768133218195 4.58530260724415e-05 1.0017776161178196 0.9998993760747114
1.010236367298578 1.001734185296415 4.58530260724415e-05 1.0018353004313512 0.9998990701017497
1.0105523230647708 1.0017165764333815 4.58530260724415e-05 1.0018179923502515 0.99989876812191
1.0108682788309635 1.001585657093442 4.58530260724415e-05 1.0016873582755075 0.9998984701351922
1.0111842345971562 1.00167353925081 4.58530260724415e-05 1.0017755439019447 0.9998981761415962
1.011500190363349 1.001622559137367 4.58530260724415e-05 1.0017248491272455 0.999897886141122
1.0118161461295416 1.0016242893508995 4.58530260724415e-05 1.0017268660479823 0.9998976001337696
1.0121321018957343 1.0016473739532779 4.58530260724415e-05 1.0017502355512165 0.9998973181195391
1.0124480576619272 1.0016346835876186 4.58530260724415e-05 1.001737822415213 0.9998970400984305
1.01276401342812 1.0016942899142869 4.58530260724415e-05 1.0017977094284518 0.9998967660704436
1.0130799691943126 1.0016620445431175 4.58530260724415e-05 1.001765731267725 0.9998964960355787
1.0133959249605053 1.0016322729683702 4.58530260724415e-05 1.0017362231424207 0.9998962299938357
1.013711880726698 1.0016465906343066 4.58530260724415e-05 1.001750804828916 0.9998959679452144
1.0140278364928907 1.001641088353343 4.58530260724415e-05 1.001745560508326 0.999895709889715
1.0143437922590834 1.0016938443407113 4.58530260724415e-05 1.0017985765440707 0.9998954558273374
1.0146597480252764 1.0016154945923603 4.58530260724415e-05 1.001720469129537 0.9998952057580817
1.014975703791469 1.0016388153980393 4.58530260724415e-05 1.0017440389104932 0.9998949596819479
1.0152916595576618 1.001584867917224 4.58530260724415e-05 1.001690328280108 0.9998947175989358
1.0156076153238545 1.0015065453693655 4.58530260724415e-05 1.0016122359842523 0.9998944795090456
1.0159235710900472 1.0016531349972344 4.58530260724415e-05 1.0017590756152734 0.9998942454122773
1.0162395268562399 1.0016623768353705 4.58530260724415e-05 1.0017685489658559 0.9998940153086309
1.0165554826224328 1.001588297161476 4.58530260724415e-05 1.0016946879575368 0.9998937891981062
1.0168714383886255 1.0017259719324787 4.58530260724415e-05 1.0018325999007325 0.9998935670807035
1.0171873941548182 1.0015548155632883 4.58530260724415e-05 1.0016616438229136 0.9998933489564226
1.0175033499210109 1.001623184881622 4.58530260724415e-05 1.0017302349582196 0.9998931348252634
1.0178193056872036 1.0016121001281382 4.58530260724415e-05 1.0017193595418727 0.9998929246872262
1.0181352614533963 1.0016905561908283 4.58530260724415e-05 1.0017980305438552 0.9998927185423109
1.018451217219589 1.001687251275338 4.58530260724415e-05 1.0017949278101406 0.9998925163905173
1.018767172985782 1.0016265946148808 4.58530260724415e-05 1.0017344631530942 0.9998923182318457
1.0190831287519746 1.0016364389927874 4.58530260724415e-05 1.001744503116394 0.9998921240662958
1.0193990845181673 1.0015780118949311 4.58530260724415e-05 1.0016862602286403 0.9998919338938678
1.01971504028436 1.0015275174658487 4.58530260724415e-05 1.0016359468462719 0.9998917477145617
1.0200309960505527 1.0016020038337414 4.58530260724415e-05 1.0017106237959517 0.9998915655283773
1.0203469518167454 1.001624748802363 4.58530260724415e-05 1.0017335497525062 0.9998913873353149
1.0206629075829383 1.001673616296473 4.58530260724415e-05 1.0017825970842464 0.9998912131353743
1.020978863349131 1.0016719698016876 4.58530260724415e-05 1.0017811209388534 0.9998910429285556
1.0212948191153237 1.001598721853656 4.58530260724415e-05 1.0017080315248084 0.9998908767148587
1.0216107748815164 1.0016022608060027 4.58530260724415e-05 1.001711733379367 0.9998907144942836
1.0219267306477091 1.0015676912842733 4.58530260724415e-05 1.001677318589451 0.9998905562668304
1.0222426864139018 1.0015503087241866 4.58530260724415e-05 1.0016600886340277 0.999890402032499
1.0225586421800945 1.0015368367984996 4.58530260724415e-05 1.0016467657367998 0.9998902517912895
1.0228745979462874 1.001704160942236 4.58530260724415e-05 1.0018142547755773 0.9998901055432018
1.0231905537124801 1.0015910150449676 4.58530260724415e-05 1.0017012389554723 0.999889963288236
1.0235065094786728 1.0015939602979884 4.58530260724415e-05 1.0017043230453428 0.999889825026392
1.0238224652448655 1.001556274342609 4.58530260724415e-05 1.001666767444793 0.9998896907576699
1.0241384210110582 1.0016490299577911 4.58530260724415e-05 1.0017596638121447 0.9998895604820697
1.024454376777251 1.0015390646349915 4.58530260724415e-05 1.0016498128482785 0.9998894341995912
1.0247703325434439 1.0016029835891809 4.58530260724415e-05 1.0017138613829888 0.9998893119102347
1.0250862883096366 1.001571364533989 4.58530260724415e-05 1.0016823573359255 0.9998891936139999
1.0254022440758293 1.0016298448581173 4.58530260724415e-05 1.0017409586555641 0.999889079310887
1.025718199842022 1.0015883769536966 4.58530260724415e-05 1.001699596660716 0.999888969000896
1.0260341556082146 1.0015573607106854 4.58530260724415e-05 1.0016686834796618 0.9998888626840268
1.0263501113744073 1.0016098958933866 4.58530260724415e-05 1.001721327012904 0.9998887603602794
1.0266660671406 1.0016305276530129 4.58530260724415e-05 1.001742059580737 0.9998886620296539
1.026982022906793 1.001613644540399 4.58530260724415e-05 1.001725269098966 0.9998885676921503
1.0272979786729857 1.0016241717064664 4.58530260724415e-05 1.0017358879495262 0.9998884773477684
1.0276139344391784 1.0015809345973523 4.58530260724415e-05 1.0016927325250342 0.9998883909965085
1.027929890205371 1.001593102753868 4.58530260724415e-05 1.0017049845475432 0.9998883086383704
1.0282458459715638 1.001578623314373 4.58530260724415e-05 1.0016905819969066 0.9998882302733542
1.0285618017377565 1.0015926937968618 4.58530260724415e-05 1.001704728559231 0.9998881559014597
1.0288777575039494 1.001571625648398 4.58530260724415e-05 1.0016837285593125 0.9998880855226872
1.029193713270142 1.001529492217031 4.58530260724415e-05 1.0016416569141524 0.9998880191370365
1.0295096690363348 1.0016165089906464 4.58530260724415e-05 1.0017287459404618 0.9998879567445076
1.0298256248025275 1.0015896931139598 4.58530260724415e-05 1.0017019855642575 0.9998878983451006
1.0301415805687202 1.0015331161222747 4.58530260724415e-05 1.0016454567314053 0.9998878439388154
1.0304575363349129 1.0016288219991483 4.58530260724415e-05 1.0017412238500856 0.999887793525652
1.0307734921011056 1.0015657576571908 4.58530260724415e-05 1.001678198934268 0.9998877471056106
1.0310894478672985 1.0016094917005443 4.58530260724415e-05 1.0017219803921948 0.9998877046786909
1.0314054036334912 1.0016402959216493 4.58530260724415e-05 1.0017528265783477 0.9998876662448932
1.031721359399684 1.0016125446174322 4.58530260724415e-05 1.0017251066603379 0.9998876318042172
1.0320373151658766 1.0016586362817863 4.58530260724415e-05 1.001771234009423 0.9998876013566631
1.0323532709320693 1.001549553012296 4.58530260724415e-05 1.0016621649791253 0.9998875749022309
1.032669226698262 1.0016243874202246 4.58530260724415e-05 1.0017370303041218 0.9998875524409205
1.0329851824644547 1.0015743213985704 4.58530260724415e-05 1.001686977153457 0.999887533972732
1.0333011382306476 1.0015655756614583 4.58530260724415e-05 1.0016782449336261 0.9998875194976653
1.0336170939968403 1.0015787460079815 4.58530260724415e-05 1.0016914272625785 0.9998875090157204
1.033933049763033 1.001590789992041 4.58530260724415e-05 1.0017034791022381 0.9998875025268974
1.0342490055292257 1.0016074418569318 4.58530260724415e-05 1.0017201353409078 0.9998875000311963
1.0345649612954184 1.0015512437487841 4.58530260724415e-05 1.0016639294096823 0.9998875015286169
1.0348809170616111 1.0016457647515666 4.58530260724415e-05 1.0017584555463133 0.9998875070191595
1.035196872827804 1.00162561760596 4.58530260724415e-05 1.0017382966328203 0.9998875165028239
1.0355128285939967 1.0015336424793115 4.58530260724415e-05 1.0016462976588327 0.9998875299796102
1.0358287843601894 1.0016721209792698 4.58530260724415e-05 1.001784774232166 0.9998875474495182
1.0361447401263821 1.0016906258816058 4.58530260724415e-05 1.001803259711508 0.9998875689125482
1.0364606958925748 1.0016575673531434 4.58530260724415e-05 1.0017701719617405 0.9998875943686999
1.0367766516587675 1.0015950968715566 4.58530260724415e-05 1.0017076649544507 0.9998876238179736
1.0370926074249605 1.001554081340625 4.58530260724415e-05 1.0016666113119366 0.999887657260369
1.0374085631911532 1.0016513482815477 4.58530260724415e-05 1.0017638516755603 0.9998876946958863
1.0377245189573459 1.001584353743719 4.58530260724415e-05 1.0016968081094477 0.9998877361245255
1.0380404747235386 1.0016587235157282 4.58530260724415e-05 1.001771140724115 0.9998877815462865
1.0383564304897313 1.0016120682224299 4.58530260724415e-05 1.0017244306889934 0.9998878309611694
1.038672386255924 1.0016471421523574 4.58530260724415e-05 1.0017594550455957 0.9998878843691741
1.0389883420221167 1.0016185538337676 4.58530260724415e-05 1.001730806014525 0.9998879417703006
1.0393042977883096 1.0016344637529677 4.58530260724415e-05 1.0017466562083865 0.9998880031645491
1.0396202535545023 1.0016024077512606 4.58530260724415e-05 1.0017145311092912 0.9998880685519194
1.039936209320695 1.0016836660450452 4.58530260724415e-05 1.001795728986591 0.9998881379324114
1.0402521650868877 1.0016074713909884 4.58530260724415e-05 1.0017194523002901 0.9998882113060253
1.0405681208530804 1.0016199520148323 4.58530260724415e-05 1.0017318568100941 0.9998882886727611
1.040884076619273 1.0016877328794687 4.58530260724415e-05 1.0017995637320907 0.9998883700326188
1.0412000323854658 1.0015394789461352 4.58530260724415e-05 1.001651207743868 0.9998884553855983
1.0415159881516587 1.0015429021275417 4.58530260724415e-05 1.0016545418032428 0.9998885447316996
1.0418319439178514 1.0016454801799135 4.58530260724415e-05 1.001757037776107 0.9998886380709229
1.042147899684044 1.0015471380343004 4.58530260724415e-05 1.0016585871730654 0.9998887354032678
1.0424638554502368 1.001689926072314 4.58530260724415e-05 1.0018012895808215 0.9998888367287347
1.0427798112164295 1.0015817470591704 4.58530260724415e-05 1.001692993032187 0.9998889420473235
1.0430957669826222 1.001566340750319 4.58530260724415e-05 1.0016774755049125 0.999889051359034
1.043411722748815 1.001688676138617 4.58530260724415e-05 1.0017997109463181 0.9998891646638665
1.0437276785150078 1.0016682987651044 4.58530260724415e-05 1.0017792137943444 0.9998892819618208
1.0440436342812005 1.0016859547646502 4.58530260724415e-05 1.0017967502264837 0.9998894032528969
1.0443595900473932 1.001641785923554 4.58530260724415e-05 1.0017524509822828 0.9998895285370949
1.044675545813586 1.001560678605896 4.58530260724415e-05 1.0016712051959151 0.9998896578144146
1.0449915015797786 1.0016876588973163 4.58530260724415e-05 1.0017980659753605 0.9998897910848563
1.0453074573459713 1.001587724928842 4.58530260724415e-05 1.0016979834802682 0.9998899283484198
1.0456234131121642 1.001636733212195 4.58530260724415e-05 1.00174685563962 0.9998900696051052
1.045939368878357 1.0016433054763867 4.58530260724415e-05 1.0017532831059144 0.9998902148549124
1.0462553246445496 1.0015927064571952 4.58530260724415e-05 1.0017025290176584 0.9998903640978415
1.0465712804107423 1.0016279089702365 4.58530260724415e-05 1.00173758187144 0.9998905173338923
1.046887236176935 1.0016419811069621 4.58530260724415e-05 1.001751498027184 0.9998906745630651
1.0472031919431277 1.0016169070486718 4.58530260724415e-05 1.0017262597090975 0.9998908357853598
1.0475191477093206 1.0015491960569445 4.58530260724415e-05 1.0016583758174726 0.9998910010007762
1.0478351034755133 1.001613231594497 4.58530260724415e-05 1.0017222488171609 0.9998911702093145
1.048151059241706 1.0016603305160792 4.58530260724415e-05 1.0017691793380967 0.9998913434109746
1.0484670150078987 1.001567637904282 4.58530260724415e-05 1.0016762991424408 0.9998915206057566
1.0487829707740914 1.0015925900175582 4.58530260724415e-05 1.0017010724469926 0.9998917017936604
1.0490989265402841 1.0015794713177024 4.58530260724415e-05 1.0016877668125925 0.9998918869746861
1.0494148823064768 1.0016841830644814 4.58530260724415e-05 1.0017923003476037 0.9998920761488337
1.0497308380726698 1.0016302007297933 4.58530260724415e-05 1.0017381186624024 0.999892269316103
1.0500467938388625 1.001618041888686 4.58530260724415e-05 1.0017257609893517 0.9998924664764942
1.0503627496050552 1.0015640483988177 4.58530260724415e-05 1.0016715601813264 0.9998926676300073
1.0506787053712479 1.0016240620161219 4.58530260724415e-05 1.0017313747168457 0.9998928727766422
1.0509946611374406 1.0015684162513627 4.58530260724415e-05 1.0016755134776538 0.999893081916399
1.0513106169036333 1.0016007910056672 4.58530260724415e-05 1.001707678174105 0.9998932950492776
1.0516265726698262 1.0015701815822846 4.58530260724415e-05 1.0016768479708993 0.9998935121752781
1.0519425284360189 1.0016303532874093 4.58530260724415e-05 1.0017368045575077 0.9998937332944003
1.0522584842022116 1.0016257856409563 4.58530260724415e-05 1.0017320108995071 0.9998939584066445
1.0525744399684043 1.0015898136495327 4.58530260724415e-05 1.0016958055749292 0.9998941875120105
1.052890395734597 1.001617537528301 4.58530260724415e-05 1.0017232988626443 0.9998944206104984
1.0532063515007897 1.0015492878292858 4.58530260724415e-05 1.0016548044480806 0.9998946577021082
1.0535223072669824 1.0015310564449833 4.58530260724415e-05 1.0016363296383737 0.9998948987868397
1.0538382630331753 1.0016196022786918 4.58530260724415e-05 1.0017246392530057 0.999895143864693
1.054154218799368 1.0016071314739232 4.58530260724415e-05 1.0017119176169311 0.9998953929356683
1.0544701745655607 1.0016286415175621 4.58530260724415e-05 1.0017331763816852 0.9998956459997654
1.0547861303317534 1.0017088299383177 4.58530260724415e-05 1.0018131156211267 0.9998959030569844
1.055102086097946 1.001642913947647 4.58530260724415e-05 1.001746931234486 0.9998961641073252
1.0554180418641388 1.001557807981046 4.58530260724415e-05 1.0016615509184978 0.9998964291507878
1.0557339976303317 1.0016509245162821 4.58530260724415e-05 1.0017544075623912 0.9998966981873723
1.0560499533965244 1.001539434850789 4.58530260724415e-05 1.001642632872176 0.9998969712170785
1.056365909162717 1.0015786636535584 4.58530260724415e-05 1.001681588199799 0.9998972482399068
1.0566818649289098 1.001596761143184 4.58530260724415e-05 1.0016994060267275 0.9998975292558567
1.0569978206951025 1.0016785110225537 4.58530260724415e-05 1.001780878738028 0.9998978142649286
1.0573137764612952 1.0015658823333375 4.58530260724415e-05 1.0016679490247715 0.9998981032671224
1.057629732227488 1.0015622120910477 4.58530260724415e-05 1.0016639848956943 0.9998983962624379
1.0579456879936808 1.0015956677116045 4.58530260724415e-05 1.001697146393113 0.9998986932508753
1.0582616437598735 1.0015698446571315 4.58530260724415e-05 1.0016710192072744 0.9998989942324347
1.0585775995260662 1.0016520048260362 4.58530260724415e-05 1.0017528821355415 0.9998992992071157
1.058893555292259 1.0015509273155956 4.58530260724415e-05 1.0016514849362637 0.9998996081749187
1.0592095110584516 1.0015479247575438 4.58530260724415e-05 1.0016481685685386 0.9998999211358435
1.0595254668246443 1.0015805587807847 4.58530260724415e-05 1.001680488339621 0.9999002380898901
1.0598414225908372 1.0015778996981564 4.58530260724415e-05 1.0016775074740563 0.9999005590370587
1.06015737835703 1.0016893052273 4.58530260724415e-05 1.0017885985287232 0.999900883977349
1.0604733341232226 1.0016444778408995 4.58530260724415e-05 1.0017434371592207 0.9999012129107612
1.0607892898894153 1.0016050754509327 4.58530260724415e-05 1.0017036973497335 0.9999015458372953
1.061105245655608 1.0015449937966938 4.58530260724415e-05 1.0016432722730877 0.9999018827569511
1.0614212014218007 1.0016400116970776 4.58530260724415e-05 1.0017379579585 0.9999022236697289
